Date,Price,Open,High,Low,Vol.,Change %
30-Jul-22,1709.05,1720.8,1734.13,1679.08,1.29M,-0.68%
29-Jul-22,1720.77,1725.97,1764.74,1658.26,1.44M,-0.30%
28-Jul-22,1726.01,1635.99,1781.39,1597.67,1.87M,5.50%
27-Jul-22,1636.01,1449.65,1643.7,1421.17,1.80M,12.77%
26-Jul-22,1450.7,1438.76,1451.46,1357.7,1.42M,0.85%
25-Jul-22,1438.52,1598.19,1608.06,1438.5,1.65M,-9.99%
24-Jul-22,1598.19,1549.61,1659.93,1547.7,1.18M,3.14%
23-Jul-22,1549.61,1534.85,1596.02,1490.35,1.03M,0.96%
22-Jul-22,1534.85,1575.68,1644.99,1520.36,1.43M,-2.59%
21-Jul-22,1575.68,1520.66,1600.35,1465.93,1.55M,3.62%
20-Jul-22,1520.64,1543.45,1618.43,1488.73,1.65M,-1.48%
19-Jul-22,1543.5,1584.33,1620.35,1494.88,2.18M,-2.60%
18-Jul-22,1584.77,1337.92,1590.95,1336.75,2.37M,18.46%
17-Jul-22,1337.85,1356,1385.23,1323.23,1.41M,-1.34%
16-Jul-22,1356.08,1231.03,1399.16,1192.18,1.77M,10.16%
15-Jul-22,1231.03,1192.83,1284.76,1182.22,1.74M,3.21%
14-Jul-22,1192.75,1115.8,1210.17,1072.58,1.86M,6.89%
13-Jul-22,1115.83,1038.6,1116.51,1012.29,2.48M,7.44%
12-Jul-22,1038.56,1096.41,1097.75,1035.82,1.49M,-5.28%
11-Jul-22,1096.43,1167.35,1170.63,1093.28,1.34M,-6.08%
10-Jul-22,1167.35,1216.94,1219.26,1155.25,1.12M,-4.07%
9-Jul-22,1216.94,1216.26,1232.69,1205.26,644.47K,0.05%
8-Jul-22,1216.33,1238.1,1275.69,1194.15,1.45M,-1.76%
7-Jul-22,1238.15,1186.48,1252.69,1163.85,1.18M,4.36%
6-Jul-22,1186.45,1133.87,1202.09,1112.02,1.42M,4.63%
5-Jul-22,1133.9,1151.19,1170.97,1079.36,1.59M,-1.50%
4-Jul-22,1151.19,1074.07,1159.76,1045.97,1.35M,7.18%
3-Jul-22,1074.08,1066.6,1086.9,1041.82,755.27K,0.70%
2-Jul-22,1066.6,1059.05,1077.66,1029.03,865.06K,0.72%
1-Jul-22,1058.94,1069.13,1110.25,1035.79,1.89M,-0.95%
30-Jun-22,1069.05,1099.51,1105.88,1000.77,1.71M,-2.77%
29-Jun-22,1099.51,1143.95,1155.02,1088.1,1.54M,-3.89%
28-Jun-22,1143.97,1191.02,1234.96,1137.57,1.32M,-3.94%
27-Jun-22,1190.84,1198.03,1237.14,1176.77,1.07M,-0.60%
26-Jun-22,1198.03,1241.8,1276.81,1196.2,1.13M,-3.52%
25-Jun-22,1241.76,1224.96,1255.55,1181.11,1.03M,1.37%
24-Jun-22,1225.03,1144.33,1244.82,1132.87,1.66M,7.07%
23-Jun-22,1144.19,1049.02,1152.97,1046.57,1.57M,9.07%
22-Jun-22,1049.02,1125.96,1127.06,1045.37,1.58M,-6.83%
21-Jun-22,1125.96,1128.29,1192.27,1110.63,1.60M,-0.21%
20-Jun-22,1128.32,1128.39,1165.62,1056.58,2.04M,-0.01%
19-Jun-22,1128.39,995.49,1152.07,938.24,2.42M,13.34%
18-Jun-22,995.61,1086.47,1096.93,883.35,2.77M,-8.36%
17-Jun-22,1086.47,1068.49,1116.46,1052.17,1.45M,1.68%
16-Jun-22,1068.49,1237.92,1254.28,1052.65,1.76M,-13.69%
15-Jun-22,1237.92,1208.82,1244.8,1016.99,3.73M,2.24%
14-Jun-22,1210.84,1206.67,1261.39,1078.11,3.27M,0.35%
13-Jun-22,1206.67,1434.43,1454.07,1168.68,4.39M,-15.94%
12-Jun-22,1435.46,1531.5,1542.01,1430.93,1.82M,-6.27%
11-Jun-22,1531.42,1663.04,1681.58,1503.15,1.44M,-7.91%
10-Jun-22,1663.02,1788.15,1803.54,1657.3,1.13M,-6.99%
9-Jun-22,1788.06,1792.81,1832.7,1778,625.76K,-0.28%
8-Jun-22,1793,1813.05,1837.41,1766.94,1.09M,-1.14%
7-Jun-22,1813.72,1859.99,1870.99,1727.77,1.64M,-2.49%
6-Jun-22,1859.99,1806.11,1919.4,1804.77,939.37K,2.95%
5-Jun-22,1806.71,1804.6,1829.25,1773.65,437.73K,0.13%
4-Jun-22,1804.37,1775.28,1815.19,1748.89,442.10K,1.64%
3-Jun-22,1775.29,1834.66,1843.31,1740.83,884.53K,-3.24%
2-Jun-22,1834.64,1817.98,1851.25,1784.23,975.53K,0.91%
1-Jun-22,1818.07,1941.81,1971.22,1770.85,1.29M,-6.37%
31-May-22,1941.79,1998.46,2015.02,1928.93,933.24K,-2.84%
30-May-22,1998.46,1813.56,2009.95,1804.33,1.04M,10.20%
29-May-22,1813.56,1792.25,1824.81,1764.72,554.58K,1.16%
28-May-22,1792.68,1724.67,1807.79,1722.88,658.23K,3.97%
27-May-22,1724.3,1793.19,1820.82,1708.62,1.57M,-3.85%
26-May-22,1793.42,1942.89,1964.91,1744.12,1.42M,-7.69%
25-May-22,1942.91,1979.4,2020.64,1937.52,639.93K,-1.84%
24-May-22,1979.35,1973.01,1992.6,1914.48,620.41K,0.33%
23-May-22,1972.93,2043.19,2086.21,1959.57,738.09K,-3.44%
22-May-22,2043.19,1975.12,2055.15,1966.34,425.98K,3.45%
21-May-22,1975.12,1959.79,1989.44,1940.59,292.47K,0.78%
20-May-22,1959.85,2019.36,2061.08,1923.86,699.69K,-2.95%
19-May-22,2019.34,1913.99,2039.71,1903.67,858.97K,5.61%
18-May-22,1912.12,2091.05,2108.84,1909.56,751.82K,-8.56%
17-May-22,2091.14,2023,2120.03,2008.84,736.63K,3.37%
16-May-22,2022.93,2145.86,2145.86,1979.93,950.85K,-5.73%
15-May-22,2145.86,2056.33,2161.78,2001.74,589.77K,4.36%
14-May-22,2056.3,2009.55,2068.66,1952.07,656.94K,2.33%
13-May-22,2009.53,1955.59,2146.22,1941.53,1.34M,2.77%
12-May-22,1955.36,2087.17,2190.51,1796.24,2.84M,-6.03%
11-May-22,2080.79,2342.27,2451.33,2007.57,2.70M,-11.16%
10-May-22,2342.3,2229.69,2455.19,2202.02,1.95M,5.08%
9-May-22,2229.1,2519.98,2529.35,2228.9,1.93M,-11.54%
8-May-22,2519.98,2636.03,2641.84,2492.59,925.40K,-4.40%
7-May-22,2636.03,2692.92,2703.11,2589.29,458.05K,-2.11%
6-May-22,2692.88,2747.6,2757.14,2635.85,881.18K,-1.99%
5-May-22,2747.46,2940.7,2952.84,2730.95,899.82K,-6.57%
4-May-22,2940.7,2781.47,2963.54,2773.9,662.07K,5.72%
3-May-22,2781.47,2856.01,2861.42,2757.36,447.80K,-2.61%
2-May-22,2856.01,2825.65,2879.99,2780.08,617.74K,1.07%
1-May-22,2825.8,2727.2,2847.02,2720.57,512.01K,3.62%
30-Apr-22,2727.18,2817.14,2841.16,2716.31,430.98K,-3.18%
29-Apr-22,2816.66,2937.01,2946.18,2778.33,629.56K,-4.10%
28-Apr-22,2937.01,2889.01,2977.78,2856.42,726.03K,1.66%
27-Apr-22,2888.99,2810.42,2916.39,2795.58,602.24K,2.80%
26-Apr-22,2810.42,3006.04,3032.7,2768.38,694.46K,-6.51%
25-Apr-22,3006.04,2922.03,3023.23,2800.21,807.69K,2.88%
24-Apr-22,2922.03,2931.9,2966.94,2915.66,269.29K,-0.34%
23-Apr-22,2931.9,2963,2977.45,2917.84,227.07K,-1.05%
22-Apr-22,2963,2983.91,3029.14,2937.47,544.89K,-0.70%
21-Apr-22,2983.95,3076.06,3176.69,2950.97,675.44K,-3.00%
20-Apr-22,3076.38,3101.79,3161.9,3037.67,512.72K,-0.83%
19-Apr-22,3102.01,3055.86,3128.86,3030.32,427.14K,1.52%
18-Apr-22,3055.64,2989.05,3069.07,2887.25,681.76K,2.23%
17-Apr-22,2989.05,3058.96,3081.14,2983.17,311.54K,-2.29%
16-Apr-22,3058.96,3042.01,3084.84,3011.47,245.47K,0.56%
15-Apr-22,3042.01,3021.93,3056.84,2996.62,309.95K,0.66%
14-Apr-22,3021.93,3117.21,3143.18,2980.84,546.54K,-3.05%
13-Apr-22,3116.92,3027.64,3128.2,2999.66,563.89K,2.96%
12-Apr-22,3027.25,2978.45,3082.02,2951.8,790.54K,1.64%
11-Apr-22,2978.29,3201.99,3213.52,2953.66,876.67K,-6.98%
10-Apr-22,3201.84,3259.59,3306.14,3198.1,327.86K,-1.76%
9-Apr-22,3259.35,3193.54,3268.18,3182.1,283.24K,2.05%
8-Apr-22,3193.93,3228.83,3311.42,3174.14,654.82K,-1.08%
7-Apr-22,3228.84,3169.58,3268.56,3143.96,569.39K,1.87%
6-Apr-22,3169.58,3406.83,3406.87,3164.24,950.59K,-6.96%
5-Apr-22,3406.78,3520.35,3554.54,3400.74,500.27K,-3.23%
4-Apr-22,3520.41,3521.16,3544.92,3412.01,547.68K,-0.02%
3-Apr-22,3521.1,3442.34,3579.82,3414.4,473.54K,2.29%
2-Apr-22,3442.34,3456.18,3529.63,3436.79,629.29K,-0.40%
1-Apr-22,3456.18,3282.33,3478.74,3215.33,649.92K,5.30%
31-Mar-22,3282.35,3385.6,3444.43,3263.36,545.44K,-3.05%
30-Mar-22,3385.64,3401.86,3445.98,3333.5,425.38K,-0.48%
29-Mar-22,3401.89,3329.67,3481.23,3329.67,570.03K,2.18%
28-Mar-22,3329.38,3295.73,3428.41,3275.32,628.91K,0.98%
27-Mar-22,3297.04,3145.95,3297.4,3126.46,402.02K,4.80%
26-Mar-22,3146.01,3103.43,3150.09,3085.8,244.28K,1.37%
25-Mar-22,3103.51,3110.8,3192.73,3081.71,583.25K,-0.18%
24-Mar-22,3109.25,3036.18,3126.37,3005.99,699.58K,2.41%
23-Mar-22,3036.12,2969.64,3042.28,2925.78,536.63K,2.24%
22-Mar-22,2969.64,2891.41,3048.32,2887.69,716.47K,2.70%
21-Mar-22,2891.63,2861.66,2960.42,2830.38,546.61K,1.05%
20-Mar-22,2861.69,2950.03,2962.19,2819.27,436.11K,-2.99%
19-Mar-22,2949.92,2939.76,2984,2895.3,392.64K,0.35%
18-Mar-22,2939.76,2812.29,2983.11,2768.65,1.59B,4.53%
17-Mar-22,2812.29,2773.8,2832.61,2747.06,1.06B,1.38%
16-Mar-22,2773.94,2617.43,2787.12,2603.8,1.79B,5.98%
15-Mar-22,2617.43,2589.54,2667.61,2510.75,1.19B,1.09%
14-Mar-22,2589.3,2516.75,2608.68,2500.12,991.82M,2.88%
13-Mar-22,2516.75,2569.8,2600.65,2494.59,811.55M,-2.06%
12-Mar-22,2569.8,2556.96,2612.33,2555.85,567.25M,0.50%
11-Mar-22,2556.96,2606.5,2670.05,2525.2,1.28B,-1.90%
10-Mar-22,2606.5,2726.94,2731.37,2559.9,1.46B,-4.42%
9-Mar-22,2726.94,2577.21,2772.09,2569.13,1.52B,5.81%
8-Mar-22,2577.21,2492.53,2623.99,2483.29,1.44B,3.40%
7-Mar-22,2492.53,2549.4,2645.41,2447.74,1.58B,-2.23%
6-Mar-22,2549.4,2665.42,2673.19,2542.19,881.09M,-4.35%
5-Mar-22,2665.42,2622.15,2684.5,2592.07,709.87M,1.65%
4-Mar-22,2622.15,2834.78,2835.94,2575.63,1.50B,-7.50%
3-Mar-22,2834.91,2947.03,2967.9,2789.87,521.36K,-3.81%
2-Mar-22,2947.14,2975.8,3041.84,2914.7,740.37K,-0.96%
1-Mar-22,2975.81,2922.44,3036.59,2858.54,828.62K,1.82%
28-Feb-22,2922.5,2616.34,2949.44,2574.12,899.19K,11.70%
27-Feb-22,2616.34,2779.55,2834.61,2562.94,804.74K,-5.78%
26-Feb-22,2776.96,2767.58,2856.01,2734.56,520.44K,0.34%
25-Feb-22,2767.53,2596.52,2830.31,2573.39,828.87K,6.59%
24-Feb-22,2596.52,2578.54,2732.02,2303.07,1.85M,0.71%
23-Feb-22,2578.15,2637.38,2749.8,2578.15,636.50K,-2.20%
22-Feb-22,2636.13,2569.19,2663.01,2501.4,841.13K,2.58%
21-Feb-22,2569.87,2619.32,2755.58,2560.24,996.71K,-1.89%
20-Feb-22,2619.32,2763.97,2764.46,2577.52,508.49K,-5.23%
19-Feb-22,2763.81,2779.44,2829.2,2699.7,377.08K,-0.57%
18-Feb-22,2779.56,2893.78,2943.14,2754.15,623.19K,-3.96%
17-Feb-22,2894.03,3122.33,3159.83,2855.66,661.98K,-7.21%
16-Feb-22,3118.9,3182.32,3184.88,3045.92,416.70K,-1.99%
15-Feb-22,3182.27,2929.29,3193.18,2912.61,540.04K,8.64%
14-Feb-22,2929.31,2871.06,2963.7,2834.13,477.24K,2.06%
13-Feb-22,2870.25,2917.16,2952.94,2838.29,303.12K,-1.61%
12-Feb-22,2917.1,2927.64,2984.72,2858.85,433.29K,-0.36%
11-Feb-22,2927.63,3071.8,3136.33,2880.6,607.93K,-4.69%
10-Feb-22,3071.83,3243.73,3277.36,3058.59,742.54K,-5.30%
9-Feb-22,3243.62,3115.91,3266.41,3055.95,477.82K,4.10%
8-Feb-22,3115.88,3139.65,3228.86,3029.7,664.45K,-0.77%
7-Feb-22,3140.18,3056.29,3185.77,2995.59,568.42K,2.75%
6-Feb-22,3056.2,3013.75,3073.23,2957.16,316.58K,1.41%
5-Feb-22,3013.81,2994.74,3058.88,2963.11,473.62K,0.63%
4-Feb-22,2994.99,2692.8,2994.99,2671.72,908.75K,11.22%
3-Feb-22,2692.8,2680.66,2723.97,2579.8,549.27K,0.44%
2-Feb-22,2681,2787.16,2809.57,2618.07,602.40K,-3.81%
1-Feb-22,2787.16,2686.82,2808.6,2676.32,521.74K,3.73%
31-Jan-22,2686.82,2602.71,2704.64,2478.85,601.73K,3.23%
30-Jan-22,2602.77,2600.12,2636.04,2543.99,381.84K,0.11%
29-Jan-22,2600.02,2545.95,2632.51,2520.14,484.18K,2.12%
28-Jan-22,2545.95,2424.66,2556.34,2362.53,634.50K,5.00%
27-Jan-22,2424.66,2462.25,2515.19,2317.3,774.54K,-1.49%
26-Jan-22,2461.41,2458.07,2719.32,2405.66,1.05M,0.14%
25-Jan-22,2458.07,2441.01,2504.32,2352.36,656.03K,0.70%
24-Jan-22,2441.01,2540.81,2540.81,2161.55,1.56M,-3.93%
23-Jan-22,2540.81,2412.52,2547.19,2373.85,766.83K,5.32%
22-Jan-22,2412.52,2570.67,2621.21,2311.8,1.48M,-6.17%
21-Jan-22,2571.29,3000.21,3032.69,2471.8,1.42M,-14.43%
20-Jan-22,3004.72,3084.48,3270.71,2989.19,481.08K,-2.56%
19-Jan-22,3083.65,3160.15,3173.63,3049.3,459.81K,-2.42%
18-Jan-22,3160.15,3209.43,3242.47,3084.48,399.19K,-1.53%
17-Jan-22,3209.35,3346.63,3356.45,3142.4,375.28K,-4.10%
16-Jan-22,3346.59,3326.5,3388.22,3276.44,295.68K,0.57%
15-Jan-22,3327.74,3307.84,3369.95,3265.41,292.10K,0.60%
14-Jan-22,3307.9,3241.95,3341.24,3195.65,415.18K,2.16%
13-Jan-22,3238.03,3370.87,3407.98,3234.97,462.81K,-3.94%
12-Jan-22,3370.89,3238.22,3406.79,3208,530.96K,4.11%
11-Jan-22,3237.89,3084.64,3262.78,3053.4,505.21K,4.94%
10-Jan-22,3085.43,3150.27,3179.96,2931.68,804.38K,-2.06%
9-Jan-22,3150.3,3079.89,3210.34,3060.47,415.87K,2.28%
8-Jan-22,3080.02,3198.14,3244.46,3001.76,566.06K,-3.61%
7-Jan-22,3195.31,3407.22,3413.26,3077.3,979.25K,-6.23%
6-Jan-22,3407.77,3536.15,3550.19,3306.14,701.89K,-3.62%
5-Jan-22,3535.86,3784.47,3846.44,3418.46,582.71K,-6.69%
4-Jan-22,3789.52,3764.62,3889.07,3715.24,415.81K,0.67%
3-Jan-22,3764.24,3830.7,3849.5,3682.48,338.51K,-1.73%
2-Jan-22,3830.67,3765.67,3851.16,3718.33,242.55K,1.73%
1-Jan-22,3765.67,3677.69,3775.2,3675.75,239.54K,2.39%
31-Dec-21,3677.85,3709.38,3812.01,3623.74,405.65K,-0.85%
30-Dec-21,3709.57,3629.33,3767.93,3589.64,355.72K,2.25%
29-Dec-21,3627.93,3792.95,3825.97,3607.2,456.03K,-4.32%
28-Dec-21,3791.69,4036.86,4036.86,3760.86,527.23K,-6.06%
27-Dec-21,4036.24,4062.02,4125.22,4033.04,313.32K,-0.62%
26-Dec-21,4061.27,4093.38,4104.23,4005.38,283.58K,-0.78%
25-Dec-21,4093.14,4043.6,4136.03,4024.87,308.53K,1.23%
24-Dec-21,4043.39,4110.2,4133.77,4024.24,353.85K,-1.62%
23-Dec-21,4110.14,3979.57,4149.17,3895.89,573.18K,3.28%
22-Dec-21,3979.54,4016.25,4072.4,3944.15,426.43K,-0.92%
21-Dec-21,4016.59,3944.03,4058.76,3915.56,496.71K,1.98%
20-Dec-21,3938.8,3925.46,3978.66,3757.42,531.11K,0.34%
19-Dec-21,3925.34,3959.9,4025.36,3890.9,442.49K,-0.87%
18-Dec-21,3959.83,3878.2,3993.05,3769.91,475.86K,2.10%
17-Dec-21,3878.29,3957.12,3993.87,3702.33,654.90K,-1.98%
16-Dec-21,3956.62,4019.57,4108.24,3955.46,512.12K,-1.56%
15-Dec-21,4019.24,3860.51,4090.15,3649.69,821.22K,4.08%
14-Dec-21,3861.55,3782.12,3879.43,3690.06,577.61K,2.11%
13-Dec-21,3781.94,4131.47,4141.27,3673.19,891.67K,-8.47%
12-Dec-21,4131.78,4078.17,4173.21,3988.29,360.45K,1.38%
11-Dec-21,4075.66,3903.52,4094.92,3836.92,581.26K,4.41%
10-Dec-21,3903.48,4107.2,4226.79,3894.03,798.12K,-4.97%
9-Dec-21,4107.69,4435.74,4482.89,4078.14,642.17K,-7.40%
8-Dec-21,4435.74,4307.08,4449.69,4229.63,574.33K,2.99%
7-Dec-21,4307.08,4351.36,4424.2,4259.45,550.78K,-1.06%
6-Dec-21,4353.31,4194.95,4373.23,3922.65,993.79K,3.78%
5-Dec-21,4194.8,4118.27,4247.38,4036,707.69K,1.73%
4-Dec-21,4123.46,4219.3,4237.56,3533.02,1.52M,-2.27%
3-Dec-21,4219.3,4512.9,4646.73,4047.07,942.77K,-6.51%
2-Dec-21,4512.9,4583.28,4629.75,4437.53,608.07K,-1.54%
1-Dec-21,4583.28,4628.72,4778.14,4525.33,669.18K,-0.99%
30-Nov-21,4628.9,4443.22,4749.12,4349.21,973.46K,4.18%
29-Nov-21,4443.22,4296.98,4456.82,4280.18,532.66K,3.40%
28-Nov-21,4296.98,4095.16,4297.63,3980.24,487.53K,4.94%
27-Nov-21,4094.8,4037.06,4183.02,4029.06,370.73K,1.49%
26-Nov-21,4034.53,4520.3,4548.1,3917.43,1.00M,-10.75%
25-Nov-21,4520.3,4270.73,4549.74,4248.9,578.65K,5.77%
24-Nov-21,4273.54,4340.23,4372.83,4172.19,595.96K,-1.54%
23-Nov-21,4340.23,4086.73,4384.75,4064.17,684.35K,6.20%
22-Nov-21,4086.95,4268.07,4311.46,4026.75,717.08K,-4.24%
21-Nov-21,4268.08,4409.02,4422.6,4246.2,446.23K,-3.19%
20-Nov-21,4408.85,4295.27,4434.27,4206.75,462.99K,2.64%
19-Nov-21,4295.43,3996.29,4305.41,3978.08,571.96K,7.34%
18-Nov-21,4001.87,4290.31,4342.74,3958.44,792.38K,-6.74%
17-Nov-21,4290.88,4208.29,4298.3,4071.01,664.94K,1.97%
16-Nov-21,4208.16,4562.97,4562.97,4115.31,1.12M,-7.78%
15-Nov-21,4562.98,4625.71,4769.38,4543.47,495.96K,-1.35%
14-Nov-21,4625.59,4644.4,4692.76,4514.95,340.96K,-0.41%
13-Nov-21,4644.61,4665.76,4705.02,4585.37,290.27K,-0.49%
12-Nov-21,4667.31,4720.5,4807.16,4511.96,634.59K,-1.13%
11-Nov-21,4720.87,4633.98,4778.17,4578.66,418.61K,1.87%
10-Nov-21,4634.03,4731.83,4864.06,4498.78,761.90K,-2.07%
9-Nov-21,4731.83,4808.34,4836.69,4715.43,437.41K,-1.59%
8-Nov-21,4808.38,4612.05,4822.97,4612.05,673.21K,4.26%
7-Nov-21,4612.06,4517.27,4634.39,4502.7,337.81K,2.10%
6-Nov-21,4517.36,4475,4526.75,4330.29,442.60K,0.95%
5-Nov-21,4475,4534.96,4569.31,4439.67,409.75K,-1.33%
4-Nov-21,4535.11,4601.93,4604.83,4421.87,495.86K,-1.46%
3-Nov-21,4602.21,4586.96,4661.88,4458.87,634.68K,0.35%
2-Nov-21,4586.06,4320.85,4598.38,4287.36,630.26K,6.14%
1-Nov-21,4320.85,4287.41,4376.94,4157.51,574.26K,0.78%
31-Oct-21,4287.56,4322,4393.61,4169.48,555.32K,-0.77%
30-Oct-21,4320.65,4413.7,4428.41,4250.24,494.87K,-2.11%
29-Oct-21,4413.7,4284.9,4458.3,4268.21,781.57K,3.01%
28-Oct-21,4284.9,3921.54,4289.8,3896.33,865.80K,9.25%
27-Oct-21,3921.93,4130.06,4299.61,3914.06,1.07M,-5.03%
26-Oct-21,4129.51,4219.92,4291.98,4098.19,559.29K,-2.14%
25-Oct-21,4219.92,4082.68,4234.76,4069.94,481.41K,3.36%
24-Oct-21,4082.8,4168.8,4184,3965.84,507.63K,-2.06%
23-Oct-21,4168.85,3970.94,4169.33,3938.79,487.03K,4.98%
22-Oct-21,3970.94,4053.89,4164.11,3896.4,654.77K,-2.05%
21-Oct-21,4054.16,4160.51,4366.91,4029.48,1.14M,-2.54%
20-Oct-21,4159.89,3876.76,4168.12,3830.26,752.03K,7.30%
19-Oct-21,3876.78,3745.46,3884.34,3733.78,488.60K,3.45%
18-Oct-21,3747.6,3848.64,3892.01,3685.82,578.21K,-2.55%
17-Oct-21,3845.47,3827.55,3917.56,3664.63,543.52K,0.47%
16-Oct-21,3827.55,3869.05,3967.43,3804.55,527.61K,-1.02%
15-Oct-21,3866.9,3790.34,3904.91,3735.21,721.14K,2.02%
14-Oct-21,3790.41,3607.36,3820.47,3588.24,697.09K,5.08%
13-Oct-21,3607.28,3491.08,3612.04,3416,557.18K,3.36%
12-Oct-21,3489.9,3541.49,3545.35,3404.49,609.89K,-1.56%
11-Oct-21,3545.06,3414.93,3622.53,3381.43,683.24K,3.81%
10-Oct-21,3415.03,3574.52,3599.18,3409.22,767.49K,-4.45%
9-Oct-21,3574.2,3559.96,3626.11,3541.4,464.11K,0.42%
8-Oct-21,3559.42,3586.91,3668.35,3537.24,681.74K,-0.74%
7-Oct-21,3586,3575.43,3650.18,3473.47,826.29K,0.30%
6-Oct-21,3575.41,3515.35,3627.19,3345.56,1.05M,1.65%
5-Oct-21,3517.26,3383.32,3540.83,3365.28,663.88K,3.97%
4-Oct-21,3382.9,3417.26,3436.34,3273.22,826.83K,-1.01%
3-Oct-21,3417.34,3388.83,3485.48,3346.63,642.59K,0.84%
2-Oct-21,3388.97,3309.14,3467.95,3265.97,778.15K,2.41%
1-Oct-21,3309.13,2999.86,3329.32,2972.75,1.14M,10.28%
30-Sep-21,3000.59,2851.06,3047.08,2837.68,968.23K,5.23%
29-Sep-21,2851.5,2807.15,2948.5,2784.66,728.86K,1.57%
28-Sep-21,2807.28,2926.04,2969.18,2791.42,896.28K,-4.07%
27-Sep-21,2926.24,3061.86,3163.86,2926.24,865.30K,-4.48%
26-Sep-21,3063.51,2922.47,3113.65,2740.12,1.33M,4.82%
25-Sep-21,2922.55,2928.59,2965.48,2812.7,975.49K,-0.21%
24-Sep-21,2928.57,3152.92,3158.38,2740.06,1.74M,-7.12%
23-Sep-21,3152.92,3077.8,3173,3035.96,841.54K,2.44%
22-Sep-21,3077.78,2764.71,3087.97,2740.58,1.19M,11.45%
21-Sep-21,2761.52,2976.7,3101.88,2659.71,1.79M,-7.21%
20-Sep-21,2976.05,3328.49,3344.04,2931.64,1.72M,-10.61%
19-Sep-21,3329.12,3435.92,3455.67,3282.85,614.00K,-3.11%
18-Sep-21,3435.97,3398.55,3539.5,3371.33,600.19K,1.10%
17-Sep-21,3398.65,3569.92,3592.2,3352.32,748.10K,-4.78%
16-Sep-21,3569.43,3612.23,3672.68,3488.53,195.79K,-1.18%
15-Sep-21,3611.9,3430.36,3612.29,3361.63,790.27K,5.34%
14-Sep-21,3428.87,3284.65,3428.87,3270.91,720.34K,4.39%
13-Sep-21,3284.52,3408.17,3429.24,3118.66,1.34M,-3.63%
12-Sep-21,3408.28,3267.33,3469.5,3231.87,805.97K,4.31%
11-Sep-21,3267.33,3209.37,3345.37,3202.41,732.95K,1.87%
10-Sep-21,3207.27,3423.87,3512.9,3156.28,1.21M,-6.32%
9-Sep-21,3423.51,3498.92,3564.3,3395.94,1.09M,-2.05%
8-Sep-21,3495.1,3424.35,3557.67,3221.6,780.68K,2.10%
7-Sep-21,3423.12,3926.84,3945.79,3061.3,2.47M,-12.84%
6-Sep-21,3927.21,3950.2,3968.2,3867.55,764.56K,-0.59%
5-Sep-21,3950.62,3885.4,3981.22,3834.74,714.16K,1.69%
4-Sep-21,3884.97,3938.45,3968.33,3844.07,672.53K,-1.30%
3-Sep-21,3936.29,3785.85,4024.89,3715.97,1.20M,3.96%
2-Sep-21,3786.19,3826.9,3833.89,3723.42,928.70K,-1.21%
1-Sep-21,3832.73,3429.65,3839.91,3384.82,1.48M,11.72%
31-Aug-21,3430.74,3228.23,3467.42,3191.34,1.52M,6.36%
30-Aug-21,3225.67,3222.43,3345.72,3145.53,966.58K,0.11%
29-Aug-21,3222.16,3243.96,3282.21,3155.31,643.73K,-0.67%
28-Aug-21,3243.9,3273.78,3284.58,3212.24,466.21K,-0.91%
27-Aug-21,3273.58,3093.78,3279.93,3063.37,839.54K,5.82%
26-Aug-21,3093.54,3228.03,3249.62,3057.48,118.44K,-4.17%
25-Aug-21,3228.15,3172.12,3247.43,3080.7,923.13K,1.73%
24-Aug-21,3173.26,3322.6,3357.99,3150.75,988.82K,-4.41%
23-Aug-21,3319.49,3238.41,3375.42,3231.96,1.09M,2.49%
22-Aug-21,3238.7,3224.17,3271.94,3128.98,747.65K,0.46%
21-Aug-21,3223.96,3285.12,3307.33,3200.19,768.74K,-1.83%
20-Aug-21,3284.21,3184.83,3300.36,3179.18,739.32K,3.12%
19-Aug-21,3184.82,3016.92,3185.51,2962.04,844.13K,5.57%
18-Aug-21,3016.91,3012.62,3124.51,2951.04,750.74K,0.08%
17-Aug-21,3014.58,3147.67,3290.03,2993.63,1.06M,-4.23%
16-Aug-21,3147.65,3307.96,3334.22,3138.37,859.09K,-4.87%
15-Aug-21,3308.87,3264.56,3318.61,3115.34,782.81K,1.35%
14-Aug-21,3264.69,3322.25,3328.38,3209.45,658.60K,-1.74%
13-Aug-21,3322.43,3043.2,3324.53,3035.52,795.54K,9.16%
12-Aug-21,3043.61,3160.17,3236.28,2981.35,965.63K,-3.79%
11-Aug-21,3163.66,3140.86,3269.7,3122.67,950.12K,0.73%
10-Aug-21,3140.71,3162.81,3232.02,3057.84,1.12M,-0.70%
9-Aug-21,3162.93,3011.88,3184.84,2899.24,1.44M,5.01%
8-Aug-21,3012.07,3158.3,3188.49,2949.66,1.25M,-4.62%
7-Aug-21,3158,2889.58,3169.74,2867.58,64.84K,9.29%
6-Aug-21,2889.43,2827.23,2946.62,2726.04,1.06M,2.20%
5-Aug-21,2827.21,2725.28,2842.95,2533.51,1.65M,3.74%
4-Aug-21,2725.29,2506.5,2766.46,2462.32,1.23M,8.72%
3-Aug-21,2506.65,2608.01,2631.43,2445.49,158.45K,-3.89%
2-Aug-21,2608.04,2556.07,2664.73,2513.51,970.67K,2.03%
1-Aug-21,2556.23,2530.94,2696.38,2515.26,1.20M,0.95%
31-Jul-21,2532.19,2461.08,2551.68,2421.7,507.08K,2.89%
30-Jul-21,2460.95,2380.59,2467.4,2320.8,1.03M,3.36%
29-Jul-21,2380.93,2299.46,2397.71,2269.15,642.75K,3.56%
28-Jul-21,2299.11,2300.21,2343.49,2246.23,968.94K,-0.05%
27-Jul-21,2300.22,2230.24,2318.68,2152.92,1.25M,3.17%
26-Jul-21,2229.53,2189.74,2430.01,2174.44,1.89M,1.81%
25-Jul-21,2189.79,2166.98,2195.03,2108.74,786.94K,1.76%
24-Jul-21,2151.85,2124,2162.29,2106.71,907.11K,1.33%
23-Jul-21,2123.61,2024.51,2129.66,2000.27,961.67K,4.89%
22-Jul-21,2024.58,1994.61,2043.26,1952.31,1.02M,1.51%
21-Jul-21,1994.49,1786.18,2029.51,1758.64,1.51M,11.67%
20-Jul-21,1786.07,1818.07,1840.36,1720.7,1.20M,-1.76%
19-Jul-21,1818.07,1891.43,1915.15,1807.19,802.78K,-3.93%
18-Jul-21,1892.42,1898.01,1988.24,1881.6,829.77K,-0.29%
17-Jul-21,1897.98,1877,1917.8,1851.97,623.52K,1.05%
16-Jul-21,1878.2,1917.21,1960.21,1852.42,619.62K,-2.03%
15-Jul-21,1917.21,1994.73,2038.91,1884.81,645.06K,-3.88%
14-Jul-21,1994.64,1940.48,2017.99,1868.45,1.05M,2.78%
13-Jul-21,1940.72,2035.09,2042.61,1920.62,717.85K,-4.64%
12-Jul-21,2035.09,2139.44,2167.6,2008.66,540.10K,-4.87%
11-Jul-21,2139.35,2110.9,2173.34,2081.62,724.84K,1.34%
10-Jul-21,2111.12,2146.15,2191.3,2078.43,929.32K,-1.62%
9-Jul-21,2145.89,2120.05,2185.62,2066.09,1.42M,1.21%
8-Jul-21,2120.22,2316.21,2322.47,2095.92,1.82M,-8.48%
7-Jul-21,2316.57,2322.74,2402.68,2296.43,1.32M,-0.26%
6-Jul-21,2322.72,2196.25,2347.47,2194.2,1.78M,5.76%
5-Jul-21,2196.16,2322.6,2322.6,2163.09,822.95K,-5.47%
4-Jul-21,2323.22,2224.7,2386.2,2222.95,1.39M,4.43%
3-Jul-21,2224.7,2154.53,2236.97,2115.8,1.28M,3.25%
2-Jul-21,2154.78,2108.58,2158.7,2019.75,1.39M,2.17%
1-Jul-21,2109.11,2274.5,2274.63,2077.56,1.71M,-7.24%
30-Jun-21,2273.84,2158.32,2281.55,2090.61,1.90M,5.33%
29-Jun-21,2158.71,2083.48,2241.86,2076.17,898.06K,3.63%
28-Jun-21,2083.09,1981.24,2142.84,1962.89,2.19M,5.21%
27-Jun-21,1979.88,1830.42,1980.7,1808.59,1.87M,8.15%
26-Jun-21,1830.62,1810.53,1850.4,1719.32,1.99M,1.11%
25-Jun-21,1810.57,1989.77,2017.47,1793.47,1.65M,-8.98%
24-Jun-21,1989.14,1968.76,2033.96,1886.74,1.64M,1.05%
23-Jun-21,1968.39,1877.28,2043.1,1823.57,1.77M,4.89%
22-Jun-21,1876.66,1890.95,1994.32,1707.24,2.84M,-0.77%
21-Jun-21,1891.18,2244.25,2257.86,1868.32,2.69M,-15.72%
20-Jun-21,2243.86,2166.3,2276.83,2045.03,1.42M,3.55%
19-Jun-21,2166.91,2229.53,2276.7,2164.14,1.08M,-2.81%
18-Jun-21,2229.53,2372.1,2376.62,2142.74,778.79K,-5.99%
17-Jun-21,2371.62,2367.78,2459.11,2309.08,1.06M,0.18%
16-Jun-21,2367.28,2544.35,2552.12,2353.24,1.37M,-6.94%
15-Jun-21,2543.83,2581.42,2637.9,2512.39,1.95M,-1.46%
14-Jun-21,2581.48,2508.49,2606.91,2467.61,1.79M,2.92%
13-Jun-21,2508.27,2368.68,2547.9,2311.96,1.62M,5.90%
12-Jun-21,2368.47,2351.45,2448.04,2260.8,1.80M,0.72%
11-Jun-21,2351.45,2470.04,2493.48,2324.21,587.18K,-4.80%
10-Jun-21,2469.97,2607.45,2615.46,2432.41,1.29M,-5.23%
9-Jun-21,2606.23,2507.86,2620.74,2408.37,2.32M,3.81%
8-Jun-21,2510.65,2592.12,2618.7,2320.64,75.18K,-3.16%
7-Jun-21,2592.63,2713.52,2842.88,2581.24,3.01M,-4.46%
6-Jun-21,2713.66,2628.43,2743.53,2614.48,756.36K,3.22%
5-Jun-21,2628.98,2688.75,2814.02,2555.98,2.55M,-2.14%
4-Jun-21,2686.5,2856.63,2856.63,2557.71,2.47M,-5.85%
3-Jun-21,2853.35,2705.05,2889.19,2666.39,1.09M,5.44%
2-Jun-21,2706.1,2633.74,2801,2554.88,2.60M,2.75%
1-Jun-21,2633.67,2707.94,2738.23,2529.73,2.45M,-2.76%
31-May-21,2708.47,2386.93,2713.98,2279.42,2.83M,13.51%
30-May-21,2386.1,2276.97,2465.84,2181.93,2.80M,4.83%
29-May-21,2276.07,2411.68,2567.42,2207.21,2.94M,-5.73%
28-May-21,2414.29,2742.39,2760.17,2332.43,3.26M,-11.75%
27-May-21,2735.88,2885.02,2885.87,2638.62,2.39M,-5.16%
26-May-21,2884.66,2705.69,2908.37,2648.1,2.66M,6.64%
25-May-21,2705.09,2647.27,2747.49,2388.81,3.28M,2.20%
24-May-21,2646.79,2101.3,2667.2,2080.87,3.24M,25.96%
23-May-21,2101.34,2292.68,2379.89,1739.91,3.52M,-8.30%
22-May-21,2291.6,2433.09,2481.06,2162.84,2.82M,-5.82%
21-May-21,2433.11,2766.88,2931.66,2111.42,4.23M,-12.40%
20-May-21,2777.55,2436.59,2988.52,2163.4,4.33M,14.04%
19-May-21,2435.69,3376.22,3434.01,1922.25,6.42M,-27.89%
18-May-21,3377.55,3280.5,3558.57,3244.93,2.30M,2.98%
17-May-21,3279.68,3582.19,3582.27,3130.12,2.85M,-8.44%
16-May-21,3582.12,3643.67,3877.2,3351.92,2.28M,-1.63%
15-May-21,3641.65,4074.57,4129.99,3639.12,1.94M,-10.64%
14-May-21,4075.38,3719.46,4171.76,3694.54,2.06M,9.56%
13-May-21,3719.62,3807.5,4031.99,3539.96,3.21M,-2.42%
12-May-21,3811.77,4173.61,4366.1,3794.15,2.78M,-8.54%
11-May-21,4167.78,3948.66,4177.53,3781.86,1.27M,5.57%
10-May-21,3947.9,3923.48,4203.98,3669.84,2.70M,0.65%
9-May-21,3922.23,3905.69,3979.77,3734.44,1.94M,0.43%
8-May-21,3905.55,3479.81,3952.88,3453.37,1.34M,12.19%
7-May-21,3481.22,3490.83,3583.34,3363.56,1.35M,-0.24%
6-May-21,3489.52,3522.74,3601.59,3380.6,1.51M,-0.94%
5-May-21,3522.76,3284.31,3540.78,3228.86,1.87M,7.18%
4-May-21,3286.71,3429.48,3516.34,3188.9,2.74M,-4.16%
3-May-21,3429.37,2950.07,3451.44,2950.07,2.32M,16.24%
2-May-21,2950.33,2945.04,2984.52,2854.12,1.30M,0.19%
1-May-21,2944.66,2772.27,2951.74,2753.6,1.51M,6.20%
30-Apr-21,2772.78,2757.02,2797.61,2726.03,1.52M,0.56%
29-Apr-21,2757.36,2746.51,2797.52,2670.35,1.65M,0.39%
28-Apr-21,2746.54,2665.83,2759.03,2562.74,1.74M,3.05%
27-Apr-21,2665.24,2531.07,2677.95,2484.44,1.45M,5.22%
26-Apr-21,2533.12,2320.63,2539.8,2305.97,1.79M,9.35%
25-Apr-21,2316.48,2217.23,2355.2,2169.91,1.02M,4.54%
24-Apr-21,2215.93,2367.35,2367.46,2159.6,1.61M,-6.39%
23-Apr-21,2367.31,2398.95,2440.21,2119.26,3.46M,-1.41%
22-Apr-21,2401.1,2360.32,2642.99,2313.46,3.17M,1.71%
21-Apr-21,2360.81,2331.84,2467.51,2238.15,2.10M,1.23%
20-Apr-21,2332.14,2161.06,2345.18,2058,1.86M,7.94%
19-Apr-21,2160.63,2236.1,2275.87,2081.3,1.90M,-3.42%
18-Apr-21,2237.17,2317.88,2338.53,1948.93,2.76M,-3.50%
17-Apr-21,2318.33,2424.12,2493.93,2314.12,1.73M,-4.33%
16-Apr-21,2423.18,2514.55,2544.54,2302.3,2.08M,-3.62%
15-Apr-21,2514.22,2432.9,2541.9,2402.75,1.91M,3.40%
14-Apr-21,2431.56,2299.25,2445.4,2281.49,2.11M,5.72%
13-Apr-21,2299.93,2137.55,2315.47,2136.49,2.38M,7.58%
12-Apr-21,2137.81,2150.79,2199.52,2103.73,2.16M,-0.63%
11-Apr-21,2151.42,2133.89,2164.76,2114.55,1.97M,0.83%
10-Apr-21,2133.79,2067.26,2197.73,2058.23,2.09M,3.23%
9-Apr-21,2066.93,2080.2,2101.07,2050.39,2.47M,-0.62%
8-Apr-21,2079.92,1962.44,2084.08,1951.83,1.73M,6.04%
7-Apr-21,1961.46,2112.41,2128.25,1939.64,2.30M,-7.11%
6-Apr-21,2111.53,2108.81,2150.78,2047.48,1.93M,0.24%
5-Apr-21,2106.41,2076.14,2127.89,2004.05,2.31M,1.47%
4-Apr-21,2075.94,2007.82,2091.31,1982,1.59M,3.35%
3-Apr-21,2008.59,2134.66,2137.68,2004.4,2.01M,-5.90%
2-Apr-21,2134.55,1968.12,2144.11,1949.99,2.47M,8.47%
1-Apr-21,1967.96,1918.82,1983.84,1897.38,2.08M,2.61%
31-Mar-21,1917.99,1841.01,1945.4,1774.66,2.59M,4.18%
30-Mar-21,1841.01,1816.92,1857.65,1788.6,3.03M,1.34%
29-Mar-21,1816.69,1686.88,1839.41,1678.38,1.94M,7.70%
28-Mar-21,1686.8,1712.89,1724.74,1661.92,1.31M,-1.53%
27-Mar-21,1713.01,1698.68,1731.73,1667.12,1.40M,0.85%
26-Mar-21,1698.6,1586.36,1699.27,1586.28,1.64M,7.06%
25-Mar-21,1586.54,1582.23,1621.32,1550.11,1.54M,0.26%
24-Mar-21,1582.38,1668.42,1739.82,1546.48,1.88M,-5.13%
23-Mar-21,1667.9,1681.5,1720.01,1654.14,1.46M,-0.86%
22-Mar-21,1682.37,1783.58,1806.62,1659.28,1.58M,-5.68%
21-Mar-21,1783.72,1804.6,1815.85,1748.47,1.43M,-1.16%
20-Mar-21,1804.6,1809.09,1868.09,1801.6,27.03K,-0.28%
19-Mar-21,1809.64,1775.87,1848.88,1735.42,1.20M,1.89%
18-Mar-21,1776.08,1823.72,1849.23,1760.83,1.53M,-2.59%
17-Mar-21,1823.35,1804.56,1837.88,1743.62,1.50M,1.03%
16-Mar-21,1804.85,1792.08,1817.35,1715.97,1.81M,0.70%
15-Mar-21,1792.38,1848.18,1890.59,1745.04,1.70M,-3.07%
14-Mar-21,1849.06,1921.29,1932.36,1836.78,671.56K,-3.75%
13-Mar-21,1921.13,1767.05,1943.36,1730.46,1.79M,8.73%
12-Mar-21,1766.9,1827.44,1841.19,1723.18,1.52M,-3.23%
11-Mar-21,1825.79,1794.28,1845.32,1729.05,1.58M,1.76%
10-Mar-21,1794.14,1869.32,1875.98,1759.5,1.66M,-4.01%
9-Mar-21,1869.1,1831.57,1869.1,1801.29,1.58M,2.05%
8-Mar-21,1831.49,1727.17,1841.05,1665.54,1.97M,5.98%
7-Mar-21,1728.1,1650.94,1732.84,1634.73,1.69M,4.78%
6-Mar-21,1649.19,1530.24,1670.01,1514.62,2.07M,7.77%
5-Mar-21,1530.29,1539.73,1548.71,1443.32,1.67M,-0.54%
4-Mar-21,1538.61,1567.84,1623.73,1506.86,1.70M,-2.06%
3-Mar-21,1571.05,1488.8,1653.04,1477.72,1.17M,5.54%
2-Mar-21,1488.62,1570,1602.13,1457.22,1.74M,-5.18%
1-Mar-21,1570.03,1418.91,1571.15,1411.55,1.92M,10.66%
28-Feb-21,1418.76,1458.84,1467.76,1294.79,2.07M,-2.75%
27-Feb-21,1458.93,1445.69,1527.69,1427.15,1.56M,0.93%
26-Feb-21,1445.44,1476.77,1561.66,1403.3,2.13M,-2.08%
25-Feb-21,1476.15,1623.76,1669.24,1460.92,1.75M,-9.09%
24-Feb-21,1623.71,1578.27,1711.16,1505.79,2.19M,2.89%
23-Feb-21,1578.11,1777.25,1781.44,1370.45,3.60M,-11.21%
22-Feb-21,1777.28,1933.52,1935.04,1561.68,2.68M,-8.08%
21-Feb-21,1933.45,1912.97,1974.99,1885.7,1.47M,1.02%
20-Feb-21,1913.88,1955.54,2040.79,1800,2.29M,-2.13%
19-Feb-21,1955.59,1934.17,1968.93,1892.7,1.78M,1.11%
18-Feb-21,1934.16,1849.95,1950.04,1849.05,881.87K,4.66%
17-Feb-21,1847.95,1781.44,1854.03,1734.15,1.69M,3.72%
16-Feb-21,1781.69,1778.63,1827.07,1726.78,1.48M,0.16%
15-Feb-21,1778.82,1800.6,1835.51,1661.09,1.94M,-1.27%
14-Feb-21,1801.78,1815.44,1850,1787.11,1.43M,-0.76%
13-Feb-21,1815.49,1840.9,1871.36,1766.05,1.44M,-1.39%
12-Feb-21,1841.02,1786.74,1862.17,1741.04,1.75M,3.06%
11-Feb-21,1786.35,1742.11,1817.68,1704.97,1.56M,2.54%
10-Feb-21,1742.09,1770.81,1835.4,1683.52,2.01M,-1.61%
9-Feb-21,1770.63,1750.19,1818.94,1711.4,1.94M,1.17%
8-Feb-21,1750.18,1612.98,1775.12,1566.43,2.17M,8.50%
7-Feb-21,1612.99,1676.62,1692.29,1491.68,1.94M,-3.80%
6-Feb-21,1676.63,1719.11,1742.9,1648.03,1.78M,-2.48%
5-Feb-21,1719.2,1593.91,1760.09,1589.28,1.80M,7.85%
4-Feb-21,1594,1664.19,1693.64,1570.45,2.34M,-4.23%
3-Feb-21,1664.34,1511.96,1667.93,1510.27,2.27M,10.12%
2-Feb-21,1511.36,1373.31,1546.88,1361.63,2.73M,10.04%
1-Feb-21,1373.4,1312.69,1376.44,1272.09,1.65M,4.62%
31-Jan-21,1312.73,1377.05,1380.04,1282.41,1.54M,-4.67%
30-Jan-21,1376.96,1379.78,1405.78,1327.66,1.59M,-0.17%
29-Jan-21,1379.3,1329.16,1436.27,1288.26,3.33M,3.83%
28-Jan-21,1328.47,1247.67,1359.51,1221.15,814.31K,6.48%
27-Jan-21,1247.62,1366.14,1372.31,1210.4,2.90M,-8.68%
26-Jan-21,1366.27,1317.67,1377.94,1246.45,2.56M,3.67%
25-Jan-21,1317.9,1390.69,1474.68,1298.13,2.77M,-5.21%
24-Jan-21,1390.28,1233.41,1398,1222.14,2.30M,12.72%
23-Jan-21,1233.4,1234.34,1271.65,1196.94,1.46M,-0.10%
22-Jan-21,1234.58,1118.01,1272.85,1045.02,2.94M,10.49%
21-Jan-21,1117.33,1377.63,1387.39,1095.26,2.76M,-18.89%
20-Jan-21,1377.53,1372,1406.56,1237.27,3.05M,0.40%
19-Jan-21,1372,1258.1,1437.42,1252.36,2.27M,9.06%
18-Jan-21,1258.06,1233.93,1260.3,1184.15,1.73M,2.06%
17-Jan-21,1232.64,1228.33,1269.01,1168.39,2.15M,0.36%
16-Jan-21,1228.27,1172.12,1290.92,1154.04,2.29M,4.83%
15-Jan-21,1171.68,1233.34,1256.13,1079.19,2.85M,-4.44%
14-Jan-21,1226.17,1128.8,1246.52,1088.52,1.55M,8.66%
13-Jan-21,1128.46,1050.2,1134.66,990.96,2.25M,7.45%
12-Jan-21,1050.19,1086.96,1149.19,1008.28,3.09M,-3.78%
11-Jan-21,1091.47,1255.84,1257.3,917.96,4.19M,-13.10%
10-Jan-21,1256.04,1275.87,1347.98,1180.45,2.65M,-1.53%
9-Jan-21,1275.58,1215.92,1301.75,1172.39,1.99M,4.92%
8-Jan-21,1215.73,1224.33,1271.08,1069.25,2.71M,-0.70%
7-Jan-21,1224.35,1208.71,1286.81,1153.09,2.71M,1.37%
6-Jan-21,1207.77,1099.77,1210.78,1060.67,3.75M,9.85%
5-Jan-21,1099.52,1042.48,1131.56,976.91,3.25M,5.48%
4-Jan-21,1042.4,977.76,1158.27,894.24,5.19M,6.92%
3-Jan-21,974.97,774.54,1008.49,769.57,4.02M,25.88%
2-Jan-21,774.5,729,787.26,715.15,2.25M,6.22%
1-Jan-21,729.12,735.87,748.96,715.74,1.64M,-0.93%
31-Dec-20,735.94,751.92,755.13,724.67,1.04M,-2.11%
30-Dec-20,751.8,732.04,757.11,720.21,1.86M,2.74%
29-Dec-20,731.76,730.26,739.77,690.24,1.82M,0.23%
28-Dec-20,730.05,683.76,747.86,682.47,2.75M,6.78%
27-Dec-20,683.71,636.35,715.46,627.12,2.31M,7.40%
26-Dec-20,636.58,626.99,652.36,616.04,1.94M,1.54%
25-Dec-20,626.93,612.38,633.9,605.01,1.70M,2.38%
24-Dec-20,612.34,585.47,614.92,566.15,1.72M,4.55%
23-Dec-20,585.69,637.04,638.11,554.09,2.20M,-8.12%
22-Dec-20,637.47,607.86,637.47,588.24,2.12M,4.87%
21-Dec-20,607.85,638.28,647.87,599.97,1.88M,-4.77%
20-Dec-20,638.26,657.79,661.04,622.39,2.11M,-3.02%
19-Dec-20,658.17,654.08,669.54,645.91,2.17M,0.66%
18-Dec-20,653.85,643.28,664.26,630.44,2.63M,1.66%
17-Dec-20,643.17,637.29,675.68,627.36,3.67M,0.91%
16-Dec-20,637.38,588.81,638.18,580.9,3.11M,8.23%
15-Dec-20,588.91,586.22,596.97,579.95,1.74M,0.46%
14-Dec-20,586.19,590.66,591.41,576.01,1.78M,-0.83%
13-Dec-20,591.09,568.07,594.83,563.37,2.03M,4.10%
12-Dec-20,567.78,544.16,573.59,543.9,1.62M,4.34%
11-Dec-20,544.17,558.15,560.28,536.43,30.17M,-2.50%
10-Dec-20,558.13,573.28,575.56,548.99,19.60M,-2.63%
9-Dec-20,573.21,554.95,577.94,530.88,9.10M,3.27%
8-Dec-20,555.05,591.03,594.78,551.08,8.11M,-6.10%
7-Dec-20,591.09,601.54,603.06,584.53,7.72M,-1.76%
6-Dec-20,601.68,596.61,606.9,583.67,13.14M,0.84%
5-Dec-20,596.68,567.84,596.73,561.24,30.83M,5.07%
4-Dec-20,567.91,616.33,619.61,566.34,48.95M,-7.85%
3-Dec-20,616.32,597.94,622.1,587.15,24.00M,3.06%
2-Dec-20,598.05,585.69,604.34,575.24,16.21M,2.12%
1-Dec-20,585.66,616.78,635.66,567.79,49.42M,-4.91%
30-Nov-20,615.92,575.35,615.97,571.04,51.72M,7.03%
29-Nov-20,575.45,537.89,576.52,530.71,5.79M,7.01%
28-Nov-20,537.74,518.7,547.94,506.97,5.34M,3.79%
27-Nov-20,518.11,519.69,530.41,494.65,6.42M,-0.23%
26-Nov-20,519.32,569.69,577.08,484.03,13.11M,-8.84%
25-Nov-20,569.67,605.01,605.63,555.32,14.50M,-5.84%
24-Nov-20,605.03,609.2,621.7,589.56,41.11M,-0.69%
23-Nov-20,609.22,559.37,610.33,551.8,49.68M,8.91%
22-Nov-20,559.4,551.9,580,514.44,36.76M,1.36%
21-Nov-20,551.91,509.94,552.13,505.14,26.86M,8.22%
20-Nov-20,509.98,471.27,513.06,471.06,30.85M,8.23%
19-Nov-20,471.21,478.55,480.55,465.41,12.53M,-1.53%
18-Nov-20,478.52,482.05,495.04,459.92,18.19M,-0.71%
17-Nov-20,481.95,460.37,484.59,459.74,7.93M,4.67%
16-Nov-20,460.43,448.18,465.97,445.82,5.62M,2.72%
15-Nov-20,448.23,460.75,462.93,440.44,9.34M,-2.71%
14-Nov-20,460.7,476.38,477.34,452.6,9.17M,-3.27%
13-Nov-20,476.29,462.61,477.78,457.65,9.85M,2.97%
12-Nov-20,462.56,463.33,469.57,452.44,9.33M,-0.17%
11-Nov-20,463.33,450.26,476.08,449.51,15.13M,2.91%
10-Nov-20,450.22,444.38,454.43,439.5,20.76M,1.33%
9-Nov-20,444.33,454.55,458.51,434.95,28.85M,-2.28%
8-Nov-20,454.68,435.39,460.09,432.44,4.82M,4.43%
7-Nov-20,435.4,455.78,467.88,425.57,7.78M,-4.46%
6-Nov-20,455.72,416.59,457.79,415.08,6.53M,9.38%
5-Nov-20,416.63,402.5,419.94,396.46,7.04M,3.59%
4-Nov-20,402.19,388.23,407.9,377.22,6.17M,3.68%
3-Nov-20,387.92,383.64,389.98,370.96,6.73M,1.14%
2-Nov-20,383.53,396.45,404.04,379.13,9.43M,-3.22%
1-Nov-20,396.29,386.36,397.32,384.94,5.52M,2.55%
31-Oct-20,386.42,382.81,394.01,380.53,6.42M,1.05%
30-Oct-20,382.41,387.16,391.98,374.36,2.81M,-1.13%
29-Oct-20,386.76,388.25,393.33,381.53,3.04M,-0.35%
28-Oct-20,388.14,403.11,408.1,381.51,9.96M,-3.72%
27-Oct-20,403.15,393.93,409.85,390.92,6.29M,2.29%
26-Oct-20,394.11,406.45,410.41,383.21,9.06M,-2.95%
25-Oct-20,406.09,412.44,417.07,403.95,3.05M,-1.42%
24-Oct-20,411.92,408.59,416.28,407.74,2.68M,0.83%
23-Oct-20,408.52,414.12,419.11,402.91,8.18M,-1.33%
22-Oct-20,414.05,391.39,420.12,391.21,12.65M,5.84%
21-Oct-20,391.2,368.53,400.36,368.06,13.61M,6.20%
20-Oct-20,368.35,379.03,380.14,367.16,7.46M,-2.86%
19-Oct-20,379.19,377.85,383.97,372.72,6.85M,0.37%
18-Oct-20,377.81,368.61,378.49,367.54,4.68M,2.49%
17-Oct-20,368.63,365.08,369.94,363.18,4.98M,0.95%
16-Oct-20,365.17,377.6,379.6,362.65,7.59M,-3.25%
15-Oct-20,377.45,378.96,380.77,370.39,7.93M,-0.45%
14-Oct-20,379.15,381.13,387.11,373.62,8.08M,-0.55%
13-Oct-20,381.23,386.64,387.06,374.57,7.92M,-1.41%
12-Oct-20,386.68,374.39,394.58,366.05,10.39M,3.34%
11-Oct-20,374.19,370.28,377.27,369.23,5.22M,1.09%
10-Oct-20,370.16,365.25,377.97,364.57,7.17M,1.34%
9-Oct-20,365.28,350.71,368.19,347.82,7.85M,4.12%
8-Oct-20,350.83,341.66,352.95,334.79,6.85M,2.74%
7-Oct-20,341.48,340.59,342.68,334.11,5.77M,0.26%
6-Oct-20,340.61,353.53,354.9,337.21,7.32M,-3.59%
5-Oct-20,353.28,352.69,354.86,348.76,4.96M,0.16%
4-Oct-20,352.73,345.6,353.97,344.03,4.77M,2.06%
3-Oct-20,345.6,345.78,351.04,343.74,4.48M,-0.02%
2-Oct-20,345.68,353.06,353.61,335.91,7.27M,-2.09%
1-Oct-20,353.07,359.5,369.1,345.66,7.93M,-1.76%
30-Sep-20,359.39,359.77,360.94,352.81,5.43M,-0.13%
29-Sep-20,359.86,353.97,360.66,351.48,6.26M,1.63%
28-Sep-20,354.08,357.42,367.63,352.57,7.77M,-0.88%
27-Sep-20,357.23,354.26,362,347.51,6.35M,0.84%
26-Sep-20,354.25,351.62,355.87,346.95,6.48M,0.75%
25-Sep-20,351.63,349.13,357.8,338.01,8.47M,0.70%
24-Sep-20,349.17,319.97,352.6,317.27,9.40M,9.13%
23-Sep-20,319.95,343.96,344.12,315.54,13.88M,-7.00%
22-Sep-20,344.03,341.32,346.19,336.15,9.29M,0.80%
21-Sep-20,341.3,371.09,375.34,331.41,11.41M,-8.03%
20-Sep-20,371.12,385.33,385.39,365.48,7.30M,-3.67%
19-Sep-20,385.25,384.25,386.99,377.63,6.74M,0.27%
18-Sep-20,384.2,389.37,392.21,375.81,8.95M,-1.23%
17-Sep-20,388.97,364.75,393.96,363.54,12.85M,6.60%
16-Sep-20,364.88,363.91,372.88,355.18,9.06M,0.24%
15-Sep-20,364.01,376.7,381.67,362.4,9.06M,-3.37%
14-Sep-20,376.7,365.89,383.99,357.54,10.34M,3.01%
13-Sep-20,365.71,388.06,389.51,353.85,10.38M,-5.74%
12-Sep-20,387.98,373.74,388.12,366.05,11.49M,3.82%
11-Sep-20,373.72,367.89,374.41,356.38,12.53M,1.58%
10-Sep-20,367.92,351.1,376.92,350.86,16.50M,4.79%
9-Sep-20,351.1,337.46,358.33,331.12,14.07M,4.04%
8-Sep-20,337.46,352.06,355.69,326.66,18.98M,-4.15%
7-Sep-20,352.06,353.49,357.33,325.47,21.69M,-0.40%
6-Sep-20,353.49,334.91,358.09,316.69,20.13M,5.55%
5-Sep-20,334.91,385.94,394.12,314.13,35.32M,-13.22%
4-Sep-20,385.94,381.97,399.58,368.22,25.20M,1.04%
3-Sep-20,381.97,439.14,466.4,376.99,33.59M,-13.01%
2-Sep-20,439.08,475.72,480.96,423.26,30.14M,-7.72%
1-Sep-20,475.8,433.89,488.24,429.65,10.42M,9.65%
31-Aug-20,433.9,428.81,438.71,418.35,7.89M,1.18%
30-Aug-20,428.86,398.8,429.59,398.47,6.67M,7.54%
29-Aug-20,398.8,395.32,405.53,391.97,5.23M,0.93%
28-Aug-20,395.11,383.16,397.64,379.8,6.16M,3.13%
27-Aug-20,383.11,385.96,396.48,372.53,7.03M,-0.74%
26-Aug-20,385.96,383.16,392.61,377.63,6.69M,0.72%
25-Aug-20,383.2,407.64,409.02,370.4,8.28M,-6.01%
24-Aug-20,407.7,390.81,410.17,387.62,6.69M,4.40%
23-Aug-20,390.5,395.56,396.96,383.42,5.36M,-1.28%
22-Aug-20,395.56,388.06,396.87,379.96,6.73M,1.95%
21-Aug-20,387.99,416.05,418.72,385.21,7.62M,-6.75%
20-Aug-20,416.05,407.39,418.92,402.8,6.23M,2.11%
19-Aug-20,407.44,422.1,426.65,394.51,8.44M,-3.49%
18-Aug-20,422.16,430.63,433.65,415.45,8.18M,-1.95%
17-Aug-20,430.56,433.62,444.86,420.71,7.83M,-0.71%
16-Aug-20,433.63,432.22,436.58,413.22,7.02M,0.34%
15-Aug-20,432.18,438.04,442.7,428.75,7.27M,-1.34%
14-Aug-20,438.03,424.28,443.74,418.37,8.67M,3.23%
13-Aug-20,424.31,387.15,430.33,377.57,12.04M,9.61%
12-Aug-20,387.12,379.03,389.21,367.05,8.59M,2.14%
11-Aug-20,379.01,395.52,398.13,367.38,9.44M,-4.18%
10-Aug-20,395.53,390.22,399.05,386.45,8.01M,1.36%
9-Aug-20,390.23,396.78,399.93,384.31,4.97M,-1.65%
8-Aug-20,396.76,379.57,396.77,376.38,4.94M,4.53%
7-Aug-20,379.57,394.8,398.14,366.44,8.34M,-3.86%
6-Aug-20,394.83,400.8,403.18,391.67,7.92M,-1.49%
5-Aug-20,400.79,389.62,406.92,384.84,8.74M,2.87%
4-Aug-20,389.62,385.86,402.01,381.3,9.84M,0.99%
3-Aug-20,385.8,372.26,397.73,368.46,9.92M,3.69%
2-Aug-20,372.08,387.15,415.08,335.76,16.38M,-3.89%
1-Aug-20,387.14,346.48,392.37,343.33,11.03M,11.73%
31-Jul-20,346.51,334.84,349.34,329.02,8.69M,3.48%
30-Jul-20,334.87,317.79,341.11,314.83,9.07M,5.36%
29-Jul-20,317.82,316.95,324.93,312.64,8.72M,0.27%
28-Jul-20,316.96,321.82,326.53,306.4,9.91M,-1.50%
27-Jul-20,321.8,311.12,332.57,311.04,13.73M,3.43%
26-Jul-20,311.13,305.32,318.54,300.33,9.19M,1.90%
25-Jul-20,305.32,279.33,308.57,279.33,8.59M,9.30%
24-Jul-20,279.33,275.33,287.01,268.54,7.17M,1.45%
23-Jul-20,275.34,263.29,279.53,260.7,8.79M,4.58%
22-Jul-20,263.28,245.54,266.42,241.89,6.68M,7.23%
21-Jul-20,245.53,236.1,246.49,235.67,6.29M,3.99%
20-Jul-20,236.1,239.03,239.71,234.51,5.36M,-1.22%
19-Jul-20,239.01,235.72,239.7,233.35,6.61M,1.38%
18-Jul-20,235.75,232.77,236.83,232.4,5.79M,1.29%
17-Jul-20,232.75,233.65,234.53,231.84,5.88M,-0.39%
16-Jul-20,233.65,238.62,239.47,230.44,6.63M,-2.08%
15-Jul-20,238.62,240.49,241.36,237.04,7.35M,-0.78%
14-Jul-20,240.5,239.75,242.08,237.21,7.07M,0.32%
13-Jul-20,239.73,242.84,245.04,237.71,8.32M,-1.24%
12-Jul-20,242.75,239.2,243.79,236.91,6.81M,1.48%
11-Jul-20,239.2,241.21,241.64,237.76,6.42M,-0.85%
10-Jul-20,241.26,242.01,242.17,236.19,6.84M,-0.32%
9-Jul-20,242.02,246.93,247.63,238.28,9.02M,-2.01%
8-Jul-20,246.99,239.26,248.76,238,12.98M,3.24%
7-Jul-20,239.25,241.56,243.43,234.92,6.26M,-0.95%
6-Jul-20,241.56,227.95,241.64,227.1,9.45M,5.96%
5-Jul-20,227.98,229.09,229.8,223.79,5.41M,-0.51%
4-Jul-20,229.15,225.09,230.4,224.8,5.45M,1.79%
3-Jul-20,225.12,226.42,228.14,224.77,5.20M,-0.57%
2-Jul-20,226.42,230.96,232.04,223.53,7.28M,-1.96%
1-Jul-20,230.95,225.61,232.47,224.33,6.31M,2.36%
30-Jun-20,225.63,227.88,228.57,223.23,5.60M,-0.99%
29-Jun-20,227.87,225.09,229.83,221.6,6.80M,1.24%
28-Jun-20,225.09,221.07,227.74,218.46,5.91M,1.82%
27-Jun-20,221.06,229.72,231.3,217.11,7.21M,-3.75%
26-Jun-20,229.67,232.57,233.5,228.16,6.96M,-1.24%
25-Jun-20,232.56,234.75,235.29,227.99,6.48M,-0.93%
24-Jun-20,234.75,243.2,249.23,231.56,9.13M,-3.47%
23-Jun-20,243.2,243.24,244.77,240.94,5.16M,-0.02%
22-Jun-20,243.25,228.11,246.39,227.69,7.93M,6.63%
21-Jun-20,228.13,228.87,231.18,227.38,4.10M,-0.32%
20-Jun-20,228.86,229.11,230.96,226.28,4.54M,-0.11%
19-Jun-20,229.11,231.34,231.94,226.97,5.56M,-0.97%
18-Jun-20,231.34,233.85,234.69,228.13,4.96M,-1.09%
17-Jun-20,233.88,235.37,236.55,228.63,5.94M,-0.63%
16-Jun-20,235.36,230.92,235.95,228.99,7.03M,1.92%
15-Jun-20,230.93,231.99,233.34,219.06,10.18M,-0.47%
14-Jun-20,232.02,238.23,238.48,230.52,5.78M,-2.60%
13-Jun-20,238.22,237.55,238.61,234.86,5.27M,0.29%
12-Jun-20,237.54,230.72,239.23,228.62,7.34M,2.96%
11-Jun-20,230.71,247.79,249.77,227.01,12.40M,-6.89%
10-Jun-20,247.78,243.82,249.51,242.54,7.63M,1.62%
9-Jun-20,243.82,246.19,249.45,240.18,6.86M,-0.96%
8-Jun-20,246.18,244.56,247.11,241.3,6.55M,0.66%
7-Jun-20,244.56,242,244.94,235.44,8.10M,1.06%
6-Jun-20,242,240.27,244.43,238.38,6.62M,0.73%
5-Jun-20,240.23,243.37,247.5,239.7,7.75M,-1.29%
4-Jun-20,243.37,244.53,246.41,236.68,8.75M,-0.47%
3-Jun-20,244.52,237.9,244.76,233.84,8.15M,2.77%
2-Jun-20,237.94,248.01,253.21,227.95,12.69M,-4.05%
1-Jun-20,247.97,231.8,249.81,230.85,11.97M,6.97%
31-May-20,231.81,243.63,245.33,230.31,12.43M,-4.85%
30-May-20,243.63,220.66,246.55,218.86,14.34M,10.41%
29-May-20,220.66,220.14,224.52,217.84,12.36M,0.21%
28-May-20,220.18,208.2,220.33,204.79,12.51M,5.77%
27-May-20,208.18,200.99,208.18,200.85,10.28M,3.57%
26-May-20,201,204.13,204.9,197.3,10.44M,-1.53%
25-May-20,204.13,199.99,205.52,198.57,10.63M,2.08%
24-May-20,199.97,206.65,210.4,199.97,11.89M,-3.22%
23-May-20,206.62,207.35,211.03,204.97,9.91M,-0.35%
22-May-20,207.35,198.75,209.04,196.68,12.13M,4.33%
21-May-20,198.75,210,211.58,192.11,14.36M,-5.35%
20-May-20,209.99,214.52,215.28,207.03,12.19M,-2.11%
19-May-20,214.51,214.88,215.75,209.79,13.96M,-0.17%
18-May-20,214.87,207,217,207,17.73M,3.80%
17-May-20,207,200.51,209.79,199.77,15.78M,3.23%
16-May-20,200.51,194.85,203.12,193.48,15.52M,2.91%
15-May-20,194.85,203.29,204.02,192.61,16.62M,-4.15%
14-May-20,203.3,199.58,205.82,196.21,20.75M,1.86%
13-May-20,199.58,189.82,200.82,188.59,17.47M,5.13%
12-May-20,189.84,185.82,192.04,185.68,15.58M,2.09%
11-May-20,185.96,187.77,193.26,177.43,26.74M,-0.97%
10-May-20,187.78,210.19,210.19,180.7,35.98M,-10.68%
9-May-20,210.22,211.47,214.5,208.83,20.90M,-0.58%
8-May-20,211.45,212,216.44,207.25,23.08M,-0.26%
7-May-20,212,199.05,214,197.36,26.71M,6.51%
6-May-20,199.04,205.36,210.62,198.79,24.03M,-3.08%
5-May-20,205.36,206.59,211.33,201.75,21.05M,-0.61%
4-May-20,206.61,209.85,210.63,195.25,27.21M,-1.53%
3-May-20,209.83,213.96,218.74,205.5,23.12M,-1.93%
2-May-20,213.96,212,215.15,210.51,18.31M,0.92%
1-May-20,212,206.23,216.99,206.06,23.08M,2.80%
30-Apr-20,206.22,215.42,227.05,202.59,35.46M,-4.26%
29-Apr-20,215.4,196.55,218.32,196.45,32.87M,9.59%
28-Apr-20,196.55,196.13,197.51,192.47,21.81M,0.21%
27-Apr-20,196.14,197.35,198.8,190.87,23.33M,-0.61%
26-Apr-20,197.35,194.01,199.3,192.52,23.13M,1.72%
25-Apr-20,194.01,187.57,197.35,186.03,21.87M,3.43%
24-Apr-20,187.58,185.48,189.33,185.19,19.84M,1.14%
23-Apr-20,185.46,182.72,192.4,178.54,28.73M,1.50%
22-Apr-20,182.72,170.79,183.71,169.93,23.81M,6.99%
21-Apr-20,170.79,170.37,174.48,168.31,23.63M,0.23%
20-Apr-20,170.4,180.12,186.24,167.51,33.68M,-5.40%
19-Apr-20,180.13,187.47,188.23,177.24,23.27M,-3.90%
18-Apr-20,187.45,170.63,189.22,170.61,24.75M,9.85%
17-Apr-20,170.63,172.32,174.52,168.55,20.05M,-0.97%
16-Apr-20,172.31,152.9,174.28,148.91,32.99M,12.69%
15-Apr-20,152.9,158.43,161.06,152.44,20.70M,-3.50%
14-Apr-20,158.45,156.36,161.57,155.52,21.20M,1.33%
13-Apr-20,156.38,158.76,158.85,150.6,25.30M,-1.48%
12-Apr-20,158.73,158.18,164.75,155.17,22.60M,0.35%
11-Apr-20,158.18,157.85,161.37,154.01,19.07M,0.20%
10-Apr-20,157.86,169.67,170.1,152.52,28.35M,-6.97%
9-Apr-20,169.68,173.01,173.2,165.91,20.66M,-1.92%
8-Apr-20,173,164.71,174.23,163.73,24.31M,5.03%
7-Apr-20,164.71,171.07,175.78,162.75,35.79M,-3.71%
6-Apr-20,171.06,142.58,171.24,142.55,37.89M,19.97%
5-Apr-20,142.58,144.03,145.26,140.84,18.17M,-0.99%
4-Apr-20,144.01,141.13,145.71,139.36,19.75M,2.03%
3-Apr-20,141.14,141.29,146.46,138.01,23.34M,-0.11%
2-Apr-20,141.3,135.65,148.91,135.26,29.42M,4.16%
1-Apr-20,135.66,132.88,136.56,128.93,19.45M,2.10%
31-Mar-20,132.86,132.15,135.14,130.54,17.30M,0.54%
30-Mar-20,132.15,125.24,134.72,125.02,20.71M,5.52%
29-Mar-20,125.24,131.02,131.74,124.84,16.33M,-4.42%
28-Mar-20,131.03,131.74,132.68,125.48,21.03M,-0.54%
27-Mar-20,131.74,138.38,140.99,131.09,18.18M,-4.80%
26-Mar-20,138.38,136.08,139.22,133.69,17.71M,1.70%
25-Mar-20,136.07,138.59,141.88,133.06,24.15M,-1.84%
24-Mar-20,138.62,136,142.9,132.67,27.10M,1.91%
23-Mar-20,136.02,122.46,136.93,120.2,28.62M,11.12%
22-Mar-20,122.41,132.59,136.86,121.37,25.25M,-7.67%
21-Mar-20,132.58,133.32,137.33,126.01,27.00M,-0.56%
20-Mar-20,133.32,135.43,151.85,118.07,38.74M,-1.56%
19-Mar-20,135.43,117.76,141.05,115.59,33.78M,15.00%
18-Mar-20,117.77,115.95,117.91,110.16,25.80M,1.47%
17-Mar-20,116.06,111.06,120.6,109.67,27.09M,4.54%
16-Mar-20,111.02,124.35,124.38,102.44,40.25M,-10.72%
15-Mar-20,124.35,122.67,132.13,120.93,26.24M,1.35%
14-Mar-20,122.69,134.02,134.58,121.27,26.83M,-8.43%
13-Mar-20,133.99,107.87,138.86,88.5,60.70M,24.18%
12-Mar-20,107.9,194.57,195.4,102.83,53.51M,-44.55%
11-Mar-20,194.58,200.61,202.96,182.15,21.26M,-2.98%
10-Mar-20,200.56,202.88,205.62,196.17,21.87M,-1.13%
9-Mar-20,202.85,199.21,208.23,190.73,30.27M,1.85%
8-Mar-20,199.16,237.3,237.3,196.71,24.76M,-16.08%
7-Mar-20,237.32,244.87,251.55,236.87,16.90M,-3.10%
6-Mar-20,244.9,228.46,244.98,227.71,17.74M,7.20%
5-Mar-20,228.45,224.36,233.96,224.34,17.82M,1.81%
4-Mar-20,224.38,223.94,228.66,220.74,14.65M,0.20%
3-Mar-20,223.94,231.9,232.37,220.34,18.48M,-3.42%
2-Mar-20,231.87,217.96,234.24,216.23,18.12M,6.37%
1-Mar-20,217.99,217.51,227.44,213,17.17M,0.21%
29-Feb-20,217.52,226.94,232.87,217.43,16.34M,-4.15%
28-Feb-20,226.93,227.6,234.55,214.47,24.11M,-0.26%
27-Feb-20,227.53,224.3,238.07,210.36,28.83M,1.44%
26-Feb-20,224.3,246.97,250.05,216.39,29.55M,-9.18%
25-Feb-20,246.96,265.63,266.17,245.75,20.31M,-7.04%
24-Feb-20,265.65,274.72,276.81,258.15,19.96M,-3.30%
23-Feb-20,274.72,261.65,275.3,261.24,16.04M,5.00%
22-Feb-20,261.64,265.14,266.71,256.97,13.40M,-1.31%
21-Feb-20,265.11,257.32,267.8,254.15,17.46M,3.00%
20-Feb-20,257.39,259.07,264.22,246.46,22.07M,-0.67%
19-Feb-20,259.12,282.33,285.75,253.88,20.76M,-8.20%
18-Feb-20,282.26,267.71,285.59,259.3,24.15M,5.46%
17-Feb-20,267.63,259.92,268.45,242.11,25.61M,2.94%
16-Feb-20,259.99,264.87,273.81,237.89,24.82M,-1.84%
15-Feb-20,264.87,285.17,287.93,262.45,22.26M,-7.15%
14-Feb-20,285.25,268.71,286.34,260.78,19.99M,6.14%
13-Feb-20,268.75,265.59,277.39,257.09,25.05M,1.19%
12-Feb-20,265.58,236.75,274.89,236.73,23.79M,12.18%
11-Feb-20,236.76,222.94,238.61,218.22,17.39M,6.19%
10-Feb-20,222.95,228.61,229.28,217.02,16.50M,-2.47%
9-Feb-20,228.59,223.23,230.38,223.07,14.28M,2.40%
8-Feb-20,223.23,223.47,227.55,213.75,15.98M,-0.13%
7-Feb-20,223.51,213.15,224.53,213.14,16.73M,4.86%
6-Feb-20,213.16,203.84,216.14,201.29,16.44M,4.58%
5-Feb-20,203.83,188.94,207.51,188.26,14.67M,7.89%
4-Feb-20,188.93,189.8,191.48,188.93,11.56M,-0.45%
3-Feb-20,189.79,188.48,194.92,187.16,11.95M,0.69%
2-Feb-20,188.5,183.58,193.25,179.49,14.54M,2.65%
1-Feb-20,183.64,179.88,184.17,179.36,13.24M,2.08%
31-Jan-20,179.91,184.6,185.67,175.46,11.77M,-2.54%
30-Jan-20,184.59,173.86,186.76,171.2,13.02M,6.17%
29-Jan-20,173.86,175.78,178.41,173.76,11.27M,-1.07%
28-Jan-20,175.74,170.27,176.06,170.27,12.63M,3.21%
27-Jan-20,170.27,167.91,171.97,165.45,12.54M,1.41%
26-Jan-20,167.9,160.4,168,159.55,9.82M,4.65%
25-Jan-20,160.44,162.56,162.72,157.87,9.63M,-1.29%
24-Jan-20,162.55,162.8,164.27,155.65,14.88M,-0.15%
23-Jan-20,162.8,168.15,168.25,159.78,14.86M,-3.17%
22-Jan-20,168.13,169.41,171.27,166.19,11.30M,-0.76%
21-Jan-20,169.41,166.87,169.79,165.53,11.52M,1.52%
20-Jan-20,166.87,166.92,169.24,161.61,11.30M,-0.03%
19-Jan-20,166.92,174.17,177.77,162.04,15.84M,-4.17%
18-Jan-20,174.19,170.18,179.29,165.34,17.42M,2.33%
17-Jan-20,170.22,164.39,173.96,162.33,18.57M,3.57%
16-Jan-20,164.36,166.44,167.18,159.08,16.24M,-1.26%
15-Jan-20,166.45,166.07,166.45,159.74,16.66M,0.23%
14-Jan-20,166.07,143.59,169.73,143.59,22.85M,15.65%
13-Jan-20,143.6,146.5,146.87,142.64,10.26M,-1.95%
12-Jan-20,146.46,142.65,146.46,142,10.01M,2.66%
11-Jan-20,142.67,144.81,147.68,142.23,12.46M,-1.48%
10-Jan-20,144.81,137.93,144.86,135.69,13.37M,4.99%
9-Jan-20,137.92,140.8,141.6,135.85,11.38M,-2.05%
8-Jan-20,140.81,143.01,147.55,137.61,13.71M,-1.56%
7-Jan-20,143.04,144.09,145.13,139.22,13.58M,-0.73%
6-Jan-20,144.08,135.59,144.27,135.17,14.36M,6.26%
5-Jan-20,135.59,134.32,138.33,134.32,12.19M,0.94%
4-Jan-20,134.33,134.3,135.57,132.76,11.16M,0.04%
3-Jan-20,134.27,127.19,134.86,126.05,15.67M,5.56%
2-Jan-20,127.19,130.75,130.77,126.74,11.45M,-2.72%
1-Jan-20,130.75,129.21,132.97,128.81,10.35M,1.19%
31-Dec-19,129.21,131.87,133.53,128.27,12.89M,-1.99%
30-Dec-19,131.83,134.4,136.16,130.91,12.47M,-1.91%
29-Dec-19,134.4,128.35,137.74,127.67,15.69M,4.71%
28-Dec-19,128.35,126.4,129.73,125.98,12.13M,1.54%
27-Dec-19,126.41,125.92,127.04,123.18,12.25M,0.38%
26-Dec-19,125.93,125.24,132.12,124.53,15.55M,0.55%
25-Dec-19,125.24,128.05,128.17,124.18,13.23M,-2.20%
24-Dec-19,128.05,128.07,129.77,127.07,11.44M,-0.02%
23-Dec-19,128.08,132.2,134.92,126.55,14.73M,-3.11%
22-Dec-19,132.19,127.61,133.04,127.09,13.67M,3.59%
21-Dec-19,127.61,128.69,128.79,126.85,9.64M,-0.85%
20-Dec-19,128.7,128.42,129.66,126.31,12.29M,0.22%
19-Dec-19,128.42,132.93,133.9,126.12,14.22M,-3.39%
18-Dec-19,132.92,122.06,133.93,117.14,20.23M,8.89%
17-Dec-19,122.06,132.78,132.96,120.63,17.04M,-8.07%
16-Dec-19,132.78,142.55,142.75,131,17.60M,-6.84%
15-Dec-19,142.53,142.03,143.87,140.3,11.31M,0.35%
14-Dec-19,142.03,144.95,145.17,141.4,11.15M,-2.02%
13-Dec-19,144.96,145.04,145.43,143.51,10.95M,-0.05%
12-Dec-19,145.03,143.51,145.82,140,12.23M,1.06%
11-Dec-19,143.51,145.88,146.57,142.53,10.93M,-1.61%
10-Dec-19,145.86,147.88,148.48,144.49,11.12M,-1.37%
9-Dec-19,147.88,151.17,151.75,147.02,9.67M,-2.18%
8-Dec-19,151.17,148.25,152.22,147.09,9.28M,1.95%
7-Dec-19,148.28,148.88,149.76,147.54,8.11M,-0.41%
6-Dec-19,148.89,148.7,149.36,147.01,8.77M,0.13%
5-Dec-19,148.69,145.79,149.08,144.64,9.99M,1.99%
4-Dec-19,145.79,147.81,151.02,143.95,12.85M,-1.37%
3-Dec-19,147.82,148.89,149.84,146.56,8.73M,-0.72%
2-Dec-19,148.89,151.06,151.63,147.49,9.18M,-1.43%
1-Dec-19,151.04,151.93,152.33,146.26,9.91M,-0.60%
30-Nov-19,151.95,154.57,155.19,150.45,8.79M,-1.68%
29-Nov-19,154.55,151.07,157.27,150.64,10.49M,2.30%
28-Nov-19,151.07,152.71,154.68,149.71,9.66M,-1.07%
27-Nov-19,152.7,147.6,155.43,141.91,13.34M,3.44%
26-Nov-19,147.61,145.88,149.81,144.04,10.84M,1.17%
25-Nov-19,145.9,140.58,151.26,131.78,17.98M,3.72%
24-Nov-19,140.66,152.46,153.24,139.79,11.39M,-7.74%
23-Nov-19,152.46,149.79,154.25,146.6,11.84M,1.77%
22-Nov-19,149.8,161.46,163.06,139.13,21.12M,-7.22%
21-Nov-19,161.46,174.96,175.91,158.55,13.36M,-7.71%
20-Nov-19,174.96,176.09,177.42,173.99,8.39M,-0.64%
19-Nov-19,176.09,178.49,178.7,173.48,9.11M,-1.35%
18-Nov-19,178.5,184.19,184.33,176.08,9.57M,-3.09%
17-Nov-19,184.18,182.39,185.97,180.49,8.57M,0.97%
16-Nov-19,182.42,180.19,183.46,179.53,7.62M,1.24%
15-Nov-19,180.19,185.24,186.1,178.29,11.86M,-2.73%
14-Nov-19,185.25,188.36,188.91,183.96,9.57M,-1.65%
13-Nov-19,188.36,187,189.45,185.7,7.77M,0.73%
12-Nov-19,186.99,185.09,187.44,183.24,9.35M,1.03%
11-Nov-19,185.09,188.98,190.17,184.32,10.26M,-2.06%
10-Nov-19,188.99,184.96,191.28,183.55,10.95M,2.18%
9-Nov-19,184.96,184.02,185.73,182.86,8.31M,0.50%
8-Nov-19,184.03,186.95,188.35,181.83,11.71M,-1.56%
7-Nov-19,186.94,191.28,192.27,185.48,11.49M,-2.27%
6-Nov-19,191.28,188.66,194.11,188.13,11.72M,1.38%
5-Nov-19,188.67,185.86,191.45,183.12,11.78M,1.51%
4-Nov-19,185.85,181.72,188.27,180.69,11.89M,2.29%
3-Nov-19,181.7,183.01,184.51,179.46,10.41M,-0.72%
2-Nov-19,183.01,183.12,185.18,181.94,8.71M,-0.06%
1-Nov-19,183.12,182.38,184.28,178.69,10.78M,0.41%
31-Oct-19,182.37,183.25,185.21,178.24,12.94M,-0.48%
30-Oct-19,183.25,190.44,191.58,180.58,13.67M,-3.78%
29-Oct-19,190.45,181.67,192.28,181.67,14.03M,4.83%
28-Oct-19,181.67,184.06,188.91,180.7,12.75M,-1.29%
27-Oct-19,184.05,179.61,188.33,176.47,14.54M,2.46%
26-Oct-19,179.62,181.5,192.54,174.35,19.63M,-1.03%
25-Oct-19,181.49,160.73,186.24,160.41,16.19M,12.92%
24-Oct-19,160.73,162.26,163.68,159.4,11.36M,-0.95%
23-Oct-19,162.28,171.44,171.61,154.42,16.00M,-5.34%
22-Oct-19,171.42,174.17,175.08,170.82,9.86M,-1.58%
21-Oct-19,174.18,175.14,177.67,171.91,9.24M,-0.55%
20-Oct-19,175.14,171.93,176.17,169.56,10.10M,1.88%
19-Oct-19,171.91,172.79,174.81,170.38,9.89M,-0.52%
18-Oct-19,172.81,177.31,177.47,169.28,11.27M,-2.54%
17-Oct-19,177.31,174.52,178.33,172.12,9.45M,1.59%
16-Oct-19,174.53,180.57,181.08,172.49,12.28M,-3.36%
15-Oct-19,180.59,186.64,187.67,178.26,11.45M,-3.23%
14-Oct-19,186.63,181.07,186.99,180.65,9.91M,3.05%
13-Oct-19,181.11,179.86,184.42,178.89,8.22M,0.69%
12-Oct-19,179.87,180.6,184.49,178.78,9.85M,-0.40%
11-Oct-19,180.6,191.11,195.87,179.76,13.31M,-5.49%
10-Oct-19,191.1,192.65,194.08,187.33,10.42M,-0.80%
9-Oct-19,192.64,180.74,195.08,179.39,12.43M,6.56%
8-Oct-19,180.78,179.81,184.57,177.74,10.26M,0.51%
7-Oct-19,179.87,170.52,182.03,169.13,10.95M,5.46%
6-Oct-19,170.55,176.44,176.87,168.74,7.97M,-3.33%
5-Oct-19,176.43,175.65,176.63,172.39,7.30M,0.44%
4-Oct-19,175.65,174.58,178.43,171.33,8.44M,0.64%
3-Oct-19,174.54,180.26,180.57,170.65,8.89M,-3.18%
2-Oct-19,180.27,175.78,180.84,173.97,8.47M,2.56%
1-Oct-19,175.78,180.36,184.95,174.03,11.88M,-2.54%
30-Sep-19,180.35,169.28,180.52,165.59,11.93M,6.53%
29-Sep-19,169.29,173.62,174.43,164.97,9.90M,-2.49%
28-Sep-19,173.62,173.19,175.15,168.56,10.22M,0.25%
27-Sep-19,173.19,164.58,175.65,161.32,10.94M,5.24%
26-Sep-19,164.56,168.93,169.81,153.17,11.97M,-2.58%
25-Sep-19,168.92,166.29,174.26,162.12,13.88M,1.58%
24-Sep-19,166.29,201.22,202.97,164.78,19.02M,-17.34%
23-Sep-19,201.18,211.16,211.76,199.82,9.65M,-4.71%
22-Sep-19,211.13,215.23,215.64,206.71,9.72M,-1.90%
21-Sep-19,215.22,218.01,221.17,213.71,8.69M,-1.28%
20-Sep-19,218,220.22,221.27,213.12,9.10M,-1.00%
19-Sep-19,220.21,210.44,223.35,202.95,12.42M,4.65%
18-Sep-19,210.43,207.8,216.89,207.69,9.78M,1.28%
17-Sep-19,207.77,197.33,214.45,195.95,11.69M,5.29%
16-Sep-19,197.32,189.1,198.82,188.68,10.01M,4.35%
15-Sep-19,189.1,188.17,190.23,185.92,7.30M,0.50%
14-Sep-19,188.16,181.06,188.54,180.09,8.63M,3.89%
13-Sep-19,181.11,180.87,181.53,177.79,7.68M,0.13%
12-Sep-19,180.87,178.48,182.37,176.85,7.19M,1.35%
11-Sep-19,178.47,180.05,182.27,174.86,10.66M,-0.88%
10-Sep-19,180.05,180.64,184.16,177.44,8.27M,-0.33%
9-Sep-19,180.65,181.45,184.76,176.25,9.64M,-0.44%
8-Sep-19,181.44,177.76,183.42,177.36,8.34M,2.08%
7-Sep-19,177.74,169.14,180.63,168.42,9.05M,5.08%
6-Sep-19,169.15,173.82,177.79,166.16,9.98M,-2.70%
5-Sep-19,173.83,174.8,175.56,170.54,7.40M,-0.55%
4-Sep-19,174.79,178.82,180.06,173.85,7.55M,-2.25%
3-Sep-19,178.81,178.1,182.59,175.37,9.03M,0.39%
2-Sep-19,178.11,169.72,180.56,169.45,9.27M,4.94%
1-Sep-19,169.72,171.62,173.22,167.08,7.80M,-1.11%
31-Aug-19,171.62,168.14,174.43,166.16,7.89M,2.06%
30-Aug-19,168.16,168.68,170.27,165.38,7.49M,-0.29%
29-Aug-19,168.66,172.85,173.05,164.04,9.55M,-2.43%
28-Aug-19,172.85,186.6,187.13,167.57,9.72M,-7.36%
27-Aug-19,186.58,188.36,188.61,184.26,7.19M,-0.93%
26-Aug-19,188.34,186.32,193.09,186.02,9.02M,1.09%
25-Aug-19,186.3,190.16,191.49,182.81,7.58M,-2.02%
24-Aug-19,190.15,193.42,193.47,186.13,8.38M,-1.70%
23-Aug-19,193.43,190.29,195.32,175.8,8.56M,1.65%
22-Aug-19,190.29,187.27,194.42,182.97,9.97M,1.63%
21-Aug-19,187.24,196.15,196.78,181.29,12.98M,-4.54%
20-Aug-19,196.14,201.65,201.96,194.55,10.01M,-2.73%
19-Aug-19,201.64,193.67,202.81,192.33,8.14M,4.11%
18-Aug-19,193.68,184.83,197.17,182.96,9.11M,4.80%
17-Aug-19,184.81,184.55,186.12,181.58,8.78M,0.14%
16-Aug-19,184.55,187.67,188.03,179.35,11.33M,-1.73%
15-Aug-19,187.8,186.59,189.3,176.08,14.03M,0.66%
14-Aug-19,186.56,207.68,209.43,183.74,12.46M,-10.17%
13-Aug-19,207.68,210.48,211.01,106.01,18.29M,-1.32%
12-Aug-19,210.45,215.84,215.97,209.49,7.94M,-2.49%
11-Aug-19,215.83,205.92,216.23,205.64,7.63M,4.81%
10-Aug-19,205.93,209.46,213.53,202.35,8.70M,-1.70%
9-Aug-19,209.49,220.12,220.49,206.4,9.66M,-4.84%
8-Aug-19,220.16,224.68,226.11,215.57,7.54M,-2.00%
7-Aug-19,224.66,225.62,229.22,220.62,7.90M,-0.43%
6-Aug-19,225.63,232.45,237.47,222.46,9.35M,-2.93%
5-Aug-19,232.45,220.76,235,220.75,9.79M,5.31%
4-Aug-19,220.72,220.89,222.21,216.31,6.51M,-0.08%
3-Aug-19,220.89,216.52,223,215.52,6.99M,2.01%
2-Aug-19,216.54,216.37,220.84,213.93,7.56M,0.08%
1-Aug-19,216.37,217.23,217.55,211.23,7.09M,-0.40%
31-Jul-19,217.23,208.49,218.19,208.17,7.51M,4.19%
30-Jul-19,208.49,209.81,212.88,204.54,7.15M,-0.63%
29-Jul-19,209.82,210.39,214.45,207.37,7.20M,-0.26%
28-Jul-19,210.37,206.64,212.01,199.68,7.54M,1.81%
27-Jul-19,206.62,217.8,222.7,203.5,8.55M,-5.15%
26-Jul-19,217.83,217.65,218.65,212.07,6.96M,0.09%
25-Jul-19,217.65,215.45,224.05,214.79,8.42M,1.02%
24-Jul-19,215.44,211.86,217.02,202.3,9.72M,1.69%
23-Jul-19,211.87,217.27,218.03,208.31,8.70M,-2.49%
22-Jul-19,217.27,225.03,227.47,212.46,8.60M,-3.44%
21-Jul-19,225.01,227.83,228.76,217.72,8.50M,-1.25%
20-Jul-19,227.86,220.11,233.7,219.8,9.12M,3.53%
19-Jul-19,220.09,225.23,225.68,213.57,9.38M,-2.28%
18-Jul-19,225.23,210.95,228.42,206.47,12.65M,6.77%
17-Jul-19,210.95,198.88,219.13,192.91,13.51M,6.07%
16-Jul-19,198.87,228.49,234.41,193.48,14.52M,-12.96%
15-Jul-19,228.49,226.56,235.43,204.39,14.59M,0.82%
14-Jul-19,226.62,269.12,269.62,223.95,11.86M,-15.80%
13-Jul-19,269.16,274.68,275.04,262.85,7.84M,-2.01%
12-Jul-19,274.68,268.72,278.33,266.81,7.95M,2.22%
11-Jul-19,268.72,289.13,289.14,263.08,11.36M,-7.05%
10-Jul-19,289.1,307.44,313.81,281.53,12.44M,-5.96%
9-Jul-19,307.41,312.23,317.94,303.38,9.13M,-1.54%
8-Jul-19,312.23,304.87,313.15,301.6,8.50M,2.41%
7-Jul-19,304.88,288.11,309.42,285.28,8.43M,5.83%
6-Jul-19,288.08,287.16,296.06,285.61,7.56M,0.32%
5-Jul-19,287.15,283.36,293.61,281.92,7.80M,1.31%
4-Jul-19,283.43,300.51,301.56,281.18,7.26M,-5.70%
3-Jul-19,300.58,291.48,301.64,289.39,7.90M,3.14%
2-Jul-19,291.41,294.87,297,273.07,10.30M,-1.16%
1-Jul-19,294.83,292.23,303,280.35,9.57M,0.90%
30-Jun-19,292.21,318.26,323.21,290.78,9.82M,-8.25%
29-Jun-19,318.48,310.52,324.13,295.44,9.03M,2.55%
28-Jun-19,310.56,297.73,312.7,295.3,9.93M,4.37%
27-Jun-19,297.55,338.54,345.83,279.82,16.13M,-12.11%
26-Jun-19,338.54,317.65,364.89,315.99,15.73M,6.58%
25-Jun-19,317.65,311.47,318.49,307.75,8.51M,1.99%
24-Jun-19,311.46,308.51,313.67,297.9,7.10M,0.95%
23-Jun-19,308.53,310.39,320.79,306.12,8.49M,-0.59%
22-Jun-19,310.38,294.69,314,292.09,10.69M,5.31%
21-Jun-19,294.72,271.45,295.72,271.45,11.06M,8.58%
20-Jun-19,271.43,268.26,273.18,264.83,7.04M,1.18%
19-Jun-19,268.26,264.59,269.79,263.61,6.23M,1.39%
18-Jun-19,264.59,273.02,273.26,261.76,7.39M,-3.08%
17-Jun-19,273,268,274.14,266.96,7.41M,1.87%
16-Jun-19,267.98,267.74,282.75,263.96,8.66M,0.09%
15-Jun-19,267.75,262.53,271.61,260.92,6.52M,1.99%
14-Jun-19,262.53,254.89,268.81,252.01,6.87M,3.01%
13-Jun-19,254.86,261.38,262.47,254.02,7.30M,-2.55%
12-Jun-19,261.54,244.38,261.67,242.57,7.89M,7.01%
11-Jun-19,244.41,246.85,247.77,237.6,6.92M,-0.99%
10-Jun-19,246.86,231.21,246.99,227.38,8.39M,6.74%
9-Jun-19,231.27,243.43,244.36,227,7.80M,-4.99%
8-Jun-19,243.42,248.98,250.51,241.09,6.23M,-2.23%
7-Jun-19,248.98,248.63,253.12,244.33,7.41M,0.18%
6-Jun-19,248.54,245.81,250,236.4,7.72M,1.10%
5-Jun-19,245.83,241.27,248.24,237.94,8.64M,1.89%
4-Jun-19,241.26,250.26,251.47,235.35,11.39M,-3.64%
3-Jun-19,250.37,269.03,269.77,248.77,9.23M,-6.93%
2-Jun-19,269.01,264.26,272.64,263.59,7.31M,1.78%
1-Jun-19,264.31,267.94,274.94,261.14,9.06M,-1.37%
31-May-19,267.99,254.57,268.7,246.61,11.63M,5.29%
30-May-19,254.52,268.62,287.99,241.51,15.52M,-5.24%
29-May-19,268.61,271.16,273.72,260.85,22.33M,-0.95%
28-May-19,271.18,270.97,275.39,265.5,9.35M,0.08%
27-May-19,270.98,264.66,279.07,262.96,11.58M,2.38%
26-May-19,264.68,250.69,268.75,245.92,10.06M,5.59%
25-May-19,250.68,249.2,256.9,247.9,8.58M,0.61%
24-May-19,249.17,244.68,254.22,241.74,10.07M,1.83%
23-May-19,244.68,244.35,247.3,231.89,13.07M,0.14%
22-May-19,244.34,253.7,259.7,241.68,10.83M,-3.71%
21-May-19,253.76,250.72,261.59,246.85,10.24M,1.21%
20-May-19,250.72,259.68,259.68,238.64,12.38M,-3.43%
19-May-19,259.63,233.87,263.05,232.85,14.38M,11.01%
18-May-19,233.89,244.38,247.84,232.13,13.93M,-4.32%
17-May-19,244.45,264.68,267.8,224.62,22.54M,-7.65%
16-May-19,264.69,248.14,278.52,244.27,25.14M,6.66%
15-May-19,248.15,217.34,249.78,217.32,18.66M,14.13%
14-May-19,217.42,196,220.02,195.22,16.80M,10.92%
13-May-19,196.02,188.09,206.1,185.69,14.80M,4.22%
12-May-19,188.07,192.17,202.93,182.81,18.52M,-2.18%
11-May-19,192.27,172.78,204.72,172.75,20.90M,11.28%
10-May-19,172.77,170.85,175.78,168.86,12.73M,1.13%
9-May-19,170.84,170.76,173.28,167.03,10.03M,0.04%
8-May-19,170.77,169.34,172.68,165.7,9.75M,0.84%
7-May-19,169.34,172.99,181.39,169.06,15.23M,-2.11%
6-May-19,173,163.03,176.98,159.66,12.97M,6.11%
5-May-19,163.03,163.67,165.25,159.56,8.54M,-0.39%
4-May-19,163.68,167.87,171.04,160.36,10.23M,-2.49%
3-May-19,167.86,161.66,169.8,160.86,10.23M,3.83%
2-May-19,161.66,160.35,162.88,159.22,8.13M,0.80%
1-May-19,160.38,161.84,163.7,158.85,7.74M,-0.88%
30-Apr-19,161.8,154.94,162.56,154.94,9.57M,4.44%
29-Apr-19,154.93,158.3,159.16,152.6,10.69M,-2.11%
28-Apr-19,158.27,159.43,160.28,157.54,8.28M,-0.71%
27-Apr-19,159.41,157.96,161.95,156.74,8.51M,0.91%
26-Apr-19,157.97,155.16,161.82,152.32,11.52M,1.80%
25-Apr-19,155.18,165.23,165.81,151.73,10.78M,-6.07%
24-Apr-19,165.22,169.94,170.53,154.87,11.61M,-2.78%
23-Apr-19,169.95,170.87,175.92,169.01,10.17M,-0.54%
22-Apr-19,170.87,168.5,172.32,167.07,8.62M,1.39%
21-Apr-19,168.52,172.89,173.42,164.81,8.78M,-2.43%
20-Apr-19,172.73,172.79,176.71,170.17,8.19M,-0.04%
19-Apr-19,172.79,173.34,173.41,169.15,9.26M,-0.31%
18-Apr-19,173.33,165.91,175.02,165.38,10.16M,4.48%
17-Apr-19,165.9,165.61,167.21,164.26,7.56M,0.16%
16-Apr-19,165.65,160.16,166.64,159.52,7.66M,3.42%
15-Apr-19,160.17,167.3,168.63,153.65,7.71M,-4.25%
14-Apr-19,167.29,163.19,168.18,161.52,5.89M,2.51%
13-Apr-19,163.19,163.46,165.27,161.34,5.52M,-0.17%
12-Apr-19,163.47,164.37,166.08,158.93,7.12M,-0.54%
11-Apr-19,164.36,177.39,177.63,159.6,11.11M,-7.33%
10-Apr-19,177.37,175.09,183.49,171.61,12.10M,1.30%
9-Apr-19,175.09,179.16,179.24,172.15,10.82M,-2.27%
8-Apr-19,179.16,174.32,185.54,171.87,14.83M,2.77%
7-Apr-19,174.33,165.58,175.37,164.17,9.88M,5.30%
6-Apr-19,165.55,164.93,172.53,160.22,10.37M,0.37%
5-Apr-19,164.93,157.43,167.34,156.42,10.06M,4.77%
4-Apr-19,157.43,160.34,164.33,153.26,13.55M,-1.81%
3-Apr-19,160.34,163.47,177.29,152.24,47.66M,-1.92%
2-Apr-19,163.47,141.5,165.42,141.29,36.03M,15.53%
1-Apr-19,141.5,141.77,143.28,140.26,11.85M,-0.20%
31-Mar-19,141.79,142.65,142.69,140.71,9.33M,-0.60%
30-Mar-19,142.65,143.38,145.85,140.43,12.81M,-0.51%
29-Mar-19,143.38,138.17,143.53,138.13,12.09M,3.79%
28-Mar-19,138.15,139.63,140.33,137.68,9.52M,-1.08%
27-Mar-19,139.65,134.37,140.08,133.89,15.47M,3.93%
26-Mar-19,134.37,134.25,134.99,132.61,9.47M,0.08%
25-Mar-19,134.25,136.44,137.05,132.36,11.49M,-1.60%
24-Mar-19,136.44,137.53,137.53,135.5,9.66M,-0.79%
23-Mar-19,137.53,136.42,138.3,135.76,9.16M,0.81%
22-Mar-19,136.42,135.11,137.44,134.65,10.18M,0.97%
21-Mar-19,135.11,139.32,139.74,133.05,12.95M,-3.02%
20-Mar-19,139.31,138.72,139.75,136.56,10.46M,0.42%
19-Mar-19,138.72,137.92,139.5,137.1,10.84M,0.58%
18-Mar-19,137.92,138.91,141.87,136.86,12.87M,-0.71%
17-Mar-19,138.91,141.15,141.17,137.61,9.79M,-1.59%
16-Mar-19,141.15,136.77,143.95,136.75,16.89M,3.21%
15-Mar-19,136.75,132.44,137.68,132.44,12.55M,3.25%
14-Mar-19,132.45,131.97,134.82,130.48,9.79M,0.36%
13-Mar-19,131.97,133.81,133.84,131.2,9.59M,-1.37%
12-Mar-19,133.8,132.99,134.93,129.14,13.03M,0.61%
11-Mar-19,132.99,135.72,136.23,131.66,11.17M,-2.01%
10-Mar-19,135.72,137.52,137.75,134.53,9.21M,-1.31%
9-Mar-19,137.52,133.84,138.57,133.38,10.79M,2.74%
8-Mar-19,133.85,136.93,139.45,131.66,12.38M,-2.25%
7-Mar-19,136.93,137.62,139.98,135.72,13.29M,-0.50%
6-Mar-19,137.62,136.82,149.49,133.94,14.70M,0.58%
5-Mar-19,136.82,125.97,141.11,125.44,16.74M,8.61%
4-Mar-19,125.97,131.02,131.57,123.25,14.11M,-3.85%
3-Mar-19,131.01,132.77,168.42,129.05,10.64M,-1.32%
2-Mar-19,132.76,135.72,136.36,130.74,11.29M,-2.18%
1-Mar-19,135.72,135.47,138.06,128.46,9.73M,0.18%
28-Feb-19,135.47,135.2,138.56,133.09,16.08M,0.20%
27-Feb-19,135.2,136.66,159.6,128.15,16.11M,-1.08%
26-Feb-19,136.67,138.26,138.66,134.48,11.75M,-1.15%
25-Feb-19,138.27,132.94,141.57,132.85,10.55M,4.02%
24-Feb-19,132.93,158.31,165.79,132.87,14.30M,-16.03%
23-Feb-19,158.3,147.97,159.31,146.28,8.31M,6.99%
22-Feb-19,147.97,145.79,148.83,144.27,6.79M,1.50%
21-Feb-19,145.78,149.01,149.55,143.5,7.21M,-2.23%
20-Feb-19,149.11,144.02,149.46,140.88,8.61M,3.54%
19-Feb-19,144.01,145.79,149.84,143.8,9.90M,-1.22%
18-Feb-19,145.8,133.79,147.64,125.07,11.93M,8.98%
17-Feb-19,133.79,122.88,135.27,122.78,8.67M,8.89%
16-Feb-19,122.87,121.72,124.5,121.71,5.33M,0.94%
15-Feb-19,121.73,120.97,124,120.87,5.69M,0.63%
14-Feb-19,120.97,122.21,124.46,120.44,5.81M,-1.02%
13-Feb-19,122.22,122.66,126.17,121.06,6.17M,-0.35%
12-Feb-19,122.64,121.32,123.99,119.28,5.74M,1.10%
11-Feb-19,121.3,124.94,125.05,119.55,6.13M,-2.89%
10-Feb-19,124.92,119.44,125.46,116.42,6.32M,4.59%
9-Feb-19,119.44,119.27,121.09,117.96,5.21M,0.17%
8-Feb-19,119.23,104.55,122.58,103.89,9.19M,14.05%
7-Feb-19,104.55,104.63,106.12,104.29,5.05M,-0.08%
6-Feb-19,104.63,107.37,107.67,102.28,6.15M,-2.55%
5-Feb-19,107.37,107.91,108.32,106.6,4.67M,-0.50%
4-Feb-19,107.9,107.63,109.24,106.95,5.02M,0.27%
3-Feb-19,107.62,110.67,111.25,106.36,5.01M,-2.77%
2-Feb-19,110.68,106.99,111.16,106.29,4.23M,3.46%
1-Feb-19,106.98,106.74,108.54,104.41,4.98M,0.26%
31-Jan-19,106.71,108.51,110.56,105.86,5.11M,-1.66%
30-Jan-19,108.52,104.76,109.67,103.82,5.95M,3.55%
29-Jan-19,104.79,105.82,107.32,102.89,5.41M,-0.98%
28-Jan-19,105.82,112.5,113.14,101.6,7.45M,-5.94%
27-Jan-19,112.5,115.83,116.24,112.03,4.65M,-2.88%
26-Jan-19,115.83,115.5,117.63,115.37,3.48M,0.29%
25-Jan-19,115.5,116.7,117.41,115.03,4.75M,-1.03%
24-Jan-19,116.71,116.84,117.32,114.93,4.38M,-0.11%
23-Jan-19,116.84,118.23,119.01,115.52,4.35M,-1.18%
22-Jan-19,118.23,116.05,119.47,112.36,5.11M,1.88%
21-Jan-19,116.05,117.52,118.04,114.15,4.80M,-1.25%
20-Jan-19,117.52,123,123.52,116.25,3.93M,-4.47%
19-Jan-19,123.02,119.34,125.37,119.34,3.36M,3.09%
18-Jan-19,119.34,122.02,122.19,118.27,2.59M,-2.20%
17-Jan-19,122.03,121.71,123.03,117.51,3.61M,0.25%
16-Jan-19,121.72,119.59,126.5,119.1,3.83M,1.75%
15-Jan-19,119.62,127.55,129.6,116.9,4.31M,-6.20%
14-Jan-19,127.53,114.65,130.3,114.62,3.86M,11.24%
13-Jan-19,114.64,123.75,124.09,112.79,2.98M,-7.36%
12-Jan-19,123.75,125.15,126.15,122.73,2.21M,-1.11%
11-Jan-19,125.15,125.61,127.83,121.28,3.77M,-0.39%
10-Jan-19,125.63,148.78,150.09,121.98,6.48M,-15.56%
9-Jan-19,148.79,148.41,152.57,147.95,2.34M,0.26%
8-Jan-19,148.41,149.96,152.21,146.29,3.04M,-1.03%
7-Jan-19,149.96,154.96,156.36,148.47,2.88M,-3.23%
6-Jan-19,154.96,153.48,158.29,148.63,4.23M,0.96%
5-Jan-19,153.49,152.87,159.78,152.84,4.85M,0.41%
4-Jan-19,152.86,146.94,155.4,145.29,4.92M,4.03%
3-Jan-19,146.94,152.96,154.3,144.39,4.02M,-3.93%
2-Jan-19,152.95,139.58,155.93,138.74,5.51M,9.56%
1-Jan-19,139.61,131.9,140.51,130.67,3.05M,5.84%
31-Dec-18,131.9,138.45,138.72,129.61,3.23M,-4.73%
30-Dec-18,138.45,133.64,139.76,129.51,4.35M,3.57%
29-Dec-18,133.67,136.59,146.02,130.71,5.92M,-2.15%
28-Dec-18,136.61,114.57,137.22,113.14,5.94M,19.25%
27-Dec-18,114.56,130.06,131.51,112.59,4.83M,-11.92%
26-Dec-18,130.06,128.39,136.13,123.39,5.11M,1.30%
25-Dec-18,128.39,139.06,139.74,122.14,7.04M,-7.79%
24-Dec-18,139.23,129.6,158.27,129.48,9.39M,7.43%
23-Dec-18,129.6,115.85,132.46,115.79,6.66M,11.88%
22-Dec-18,115.84,108.18,115.87,105.97,3.30M,7.07%
21-Dec-18,108.18,114.6,118.67,105.59,5.18M,-5.61%
20-Dec-18,114.61,99.36,116.35,98.63,6.34M,15.35%
19-Dec-18,99.37,100.68,107.89,98.57,5.58M,-1.28%
18-Dec-18,100.66,94.37,101.33,91.96,4.66M,6.66%
17-Dec-18,94.37,84.72,96.99,84.61,5.37M,11.40%
16-Dec-18,84.72,83.9,87.62,83.89,3.61M,0.97%
15-Dec-18,83.9,83.81,85.07,81.97,3.04M,0.11%
14-Dec-18,83.81,86.31,87,82.28,3.84M,-2.90%
13-Dec-18,86.31,89.62,90.72,84.83,3.94M,-3.69%
12-Dec-18,89.62,87.72,91.33,87.19,3.46M,1.46%
11-Dec-18,88.32,90.18,91.94,86.25,4.38M,-2.05%
10-Dec-18,90.17,93.62,95.3,88.68,4.15M,-3.68%
9-Dec-18,93.62,90.56,98.76,88.82,4.88M,3.37%
8-Dec-18,90.57,93.28,97.98,84.75,5.68M,-2.90%
7-Dec-18,93.27,90.85,96.99,77.65,7.73M,2.65%
6-Dec-18,90.86,102.36,104.42,90.57,5.06M,-11.21%
5-Dec-18,102.33,110.14,110.7,102.24,3.04M,-7.04%
4-Dec-18,110.09,108.66,113.16,106.13,2.48M,1.31%
3-Dec-18,108.66,116.4,127.08,106.79,2.66M,-6.65%
2-Dec-18,116.41,118.23,120.71,116.08,2.10M,-1.54%
1-Dec-18,118.23,113.76,120.45,111.62,2.87M,3.91%
30-Nov-18,113.77,117.86,119.8,111.73,4.27M,-3.46%
29-Nov-18,117.85,122.75,123.77,114.81,4.00M,-3.99%
28-Nov-18,122.74,111.19,126.6,111.19,5.41M,10.40%
27-Nov-18,111.18,110.08,113.67,102.84,5.42M,1.00%
26-Nov-18,110.08,118.03,120.56,106.44,5.09M,-6.75%
25-Nov-18,118.04,114.42,121.1,102.8,6.74M,3.15%
24-Nov-18,114.43,124.63,129.34,111.79,3.81M,-8.19%
23-Nov-18,124.64,126.17,128.08,119.76,4.47M,-1.17%
22-Nov-18,126.12,137.75,139.74,125.93,2.92M,-8.42%
21-Nov-18,137.72,132.9,140.86,126.84,5.12M,3.61%
20-Nov-18,132.92,150.27,153.55,127.3,7.69M,-11.46%
19-Nov-18,150.12,178.76,178.93,146.86,5.23M,-15.97%
18-Nov-18,178.65,176.53,182.07,176.06,1.59M,1.20%
17-Nov-18,176.53,176.99,177.93,174.94,44.19M,-0.27%
16-Nov-18,177.01,184.1,184.88,175.29,43.39M,-3.85%
15-Nov-18,184.1,187.51,189.79,171.99,69.51M,-1.79%
14-Nov-18,187.46,210.44,210.59,177.34,45.72M,-10.92%
13-Nov-18,210.44,212.79,213.88,209.4,27.77M,-1.10%
12-Nov-18,212.79,213.1,214.95,211.54,17.81M,-0.18%
11-Nov-18,213.18,213.19,214.22,209.51,48.66M,-0.01%
10-Nov-18,213.21,211.39,215.47,210.61,10.44M,0.86%
9-Nov-18,211.39,212.87,215.26,209.23,3.47M,-0.70%
8-Nov-18,212.87,218.8,220.53,212.79,23.56M,-2.71%
7-Nov-18,218.8,220.22,224.64,217.16,15.96M,-0.65%
6-Nov-18,220.22,210.67,221.32,209.15,33.87M,4.54%
5-Nov-18,210.67,211.86,212.42,207.82,77.47M,-0.56%
4-Nov-18,211.86,200.27,218.35,199.38,54.20M,5.81%
3-Nov-18,200.23,202.67,203.16,199.63,8.62M,-1.20%
2-Nov-18,202.66,198.17,203.75,198.13,7.26M,2.27%
1-Nov-18,198.17,198.59,199.79,197.84,12.55M,-0.21%
31-Oct-18,198.59,197.27,201.89,193,19.69M,0.61%
30-Oct-18,197.39,196.83,198.96,195.28,22.41M,0.17%
29-Oct-18,197.05,204.84,205.79,195.03,17.76M,-3.87%
28-Oct-18,204.99,204.36,205.52,203.05,9.11M,0.31%
27-Oct-18,204.36,204.78,206.22,203.06,9.76M,-0.11%
26-Oct-18,204.58,204.08,208.94,203.19,13.99M,0.23%
25-Oct-18,204.11,205.12,206.12,202.99,15.68M,-0.49%
24-Oct-18,205.12,205.68,207.86,205,18.18M,-0.27%
23-Oct-18,205.68,207.03,207.95,202.99,19.71M,-0.53%
22-Oct-18,206.77,207.38,209.39,205.5,27.13M,-0.29%
21-Oct-18,207.37,207.76,211.65,207.04,14.65M,-0.32%
20-Oct-18,208.04,205.12,209.37,203.65,12.48M,1.50%
19-Oct-18,204.97,206.6,208.74,204.02,26.32M,-0.78%
18-Oct-18,206.58,213.16,215.23,203.95,16.21M,-3.22%
17-Oct-18,213.46,215.06,216.6,210.1,16.84M,-0.74%
16-Oct-18,215.06,214.27,218.71,211.37,20.24M,0.37%
15-Oct-18,214.26,197.09,235.83,195.4,41.35M,8.72%
14-Oct-18,197.08,201.22,207.53,195.51,12.89M,-2.06%
13-Oct-18,201.22,196.67,206.13,196.41,976.30K,2.30%
12-Oct-18,196.7,190.89,202.9,190.89,1.69M,3.04%
11-Oct-18,190.89,226.33,226.36,188.65,3.50M,-15.65%
10-Oct-18,226.3,228.28,231.32,224.74,1.07M,-0.85%
9-Oct-18,228.25,229.83,232.66,226.81,945.43K,-0.69%
8-Oct-18,229.84,226.11,231.66,224.79,1.30M,1.65%
7-Oct-18,226.11,225.19,227.44,222,1.47M,0.41%
6-Oct-18,225.18,228.34,228.69,223.01,8.20M,-1.38%
5-Oct-18,228.34,222.33,231.88,220,7.63M,2.59%
4-Oct-18,222.57,220.48,227.14,219.75,7.83M,0.93%
3-Oct-18,220.51,225.84,227.15,216.44,8.47M,-2.36%
2-Oct-18,225.84,231.77,232.97,223.75,8.17M,-2.56%
1-Oct-18,231.77,232.8,235.95,225.33,8.31M,-0.44%
30-Sep-18,232.8,231.9,238.64,227.01,8.74M,0.40%
29-Sep-18,231.87,221.95,237.45,215.15,8.90M,4.55%
28-Sep-18,221.77,229.18,234.14,215.39,7.34M,-3.22%
27-Sep-18,229.15,214.46,232.6,211.31,7.37M,6.91%
26-Sep-18,214.35,219.14,222.41,208.91,6.37M,-2.14%
25-Sep-18,219.04,228.02,228.59,204.84,5.78M,-3.93%
24-Sep-18,228.01,244.67,246.87,225.73,4.54M,-6.81%
23-Sep-18,244.67,240.82,249.02,238.14,4.03M,1.60%
22-Sep-18,240.82,247.92,254.36,233.46,5.16M,-2.86%
21-Sep-18,247.92,224.43,250.74,222.05,6.76M,10.47%
20-Sep-18,224.42,209.74,225.48,207.78,4.47M,7.00%
19-Sep-18,209.74,209.02,214.91,199.19,5.68M,0.34%
18-Sep-18,209.03,196.17,213.93,195.24,5.32M,6.52%
17-Sep-18,196.24,220.2,224.48,192.87,7.49M,-10.88%
16-Sep-18,220.2,221.94,223.14,208.61,4.64M,-0.79%
15-Sep-18,221.94,209.88,259.37,209.06,5.53M,5.70%
14-Sep-18,209.98,210.98,224.6,203.16,7.71M,-0.48%
13-Sep-18,211,183.11,214.57,183.11,7.46M,15.31%
12-Sep-18,182.98,185.07,186.57,169.08,5.83M,-1.13%
11-Sep-18,185.07,197.05,200.42,177.29,5.15M,-6.08%
10-Sep-18,197.04,195.81,203.64,187.35,4.38M,0.63%
9-Sep-18,195.8,196.69,208.23,187.26,5.47M,-0.50%
8-Sep-18,196.79,215.51,220.85,191.16,4.47M,-8.72%
7-Sep-18,215.6,229.58,234.49,214.84,4.51M,-6.10%
6-Sep-18,229.6,228.76,232.66,212.9,5.81M,0.37%
5-Sep-18,228.77,285.17,288.01,227.76,6.21M,-19.78%
4-Sep-18,285.17,288.98,292.6,283.4,5.02M,-1.29%
3-Sep-18,288.92,295.05,296.76,285.95,5.35M,-2.08%
2-Sep-18,295.05,295.32,299.38,289.45,5.85M,-0.09%
1-Sep-18,295.31,281.94,301.92,281.76,4.53M,4.74%
31-Aug-18,281.94,283.97,284.85,277.13,4.66M,-0.72%
30-Aug-18,283.97,288.41,290.91,272.85,4.99M,-1.54%
29-Aug-18,288.42,295.61,297.11,284.45,4.84M,-2.44%
28-Aug-18,295.62,286.57,297.86,282.57,4.71M,3.16%
27-Aug-18,286.57,274.46,286.57,271.9,4.89M,4.41%
26-Aug-18,274.46,277.61,281.34,269.75,4.14M,-1.14%
25-Aug-18,277.61,281.29,282.74,276.53,4.05M,-1.31%
24-Aug-18,281.29,276.12,282.71,270.91,4.90M,1.87%
23-Aug-18,276.12,269.84,279.19,268.94,3.94M,2.33%
22-Aug-18,269.84,280.9,298.2,266.4,5.03M,-3.94%
21-Aug-18,280.9,271.9,282.77,270.26,2.97M,3.62%
20-Aug-18,271.08,299.33,303.74,270.17,3.88M,-9.44%
19-Aug-18,299.33,293.9,306.3,289.5,3.54M,1.85%
18-Aug-18,293.89,316.91,320.81,282.76,4.31M,-7.26%
17-Aug-18,316.9,286.76,316.9,285.78,4.75M,10.51%
16-Aug-18,286.76,281.12,298.19,278.6,4.08M,2.01%
15-Aug-18,281.12,278.3,303.85,277.91,5.17M,1.06%
14-Aug-18,278.19,284,284,250.84,5.96M,-2.05%
13-Aug-18,284.01,318.2,321.22,281.17,2.33M,-10.74%
12-Aug-18,318.18,317.63,327.51,314.71,1.52M,0.19%
11-Aug-18,317.59,331.78,332.52,305.19,2.16M,-4.29%
10-Aug-18,331.81,363.33,365.36,326.67,1.74M,-8.68%
9-Aug-18,363.34,355.48,369.74,351.07,1.42M,2.22%
8-Aug-18,355.44,378.29,380.15,348.98,2.05M,-6.03%
7-Aug-18,378.25,405.38,410.57,370.06,1.63M,-6.70%
6-Aug-18,405.4,408.81,413.4,401.66,1.02M,-0.84%
5-Aug-18,408.85,407.11,412.51,401.22,1.02M,0.43%
4-Aug-18,407.09,417.58,419.7,402.52,1.14M,-2.51%
3-Aug-18,417.58,411,419.74,398.1,1.43M,1.60%
2-Aug-18,411,420.33,424.51,408.21,1.32M,-2.21%
1-Aug-18,420.3,431.88,434.43,407.96,1.64M,-2.60%
31-Jul-18,431.5,456.65,457.33,427.81,1.52M,-5.51%
30-Jul-18,456.64,466.41,468.6,447.06,1.38M,-2.09%
29-Jul-18,466.41,468.89,471.78,462.04,1.04M,-0.51%
28-Jul-18,468.78,470.24,471.47,461.55,1.07M,-0.31%
27-Jul-18,470.23,462.79,473.58,457.36,1.17M,1.62%
26-Jul-18,462.75,472.03,484.59,460.61,1.11M,-1.97%
25-Jul-18,472.03,479.78,484.97,464.75,1.38M,-1.64%
24-Jul-18,479.88,450.58,484.3,449.44,1.59M,6.51%
23-Jul-18,450.56,459.02,470.37,448.14,1.32M,-1.84%
22-Jul-18,459.02,461.51,472.88,456.35,918.81K,-0.54%
21-Jul-18,461.52,449.44,468.95,443.04,972.66K,2.70%
20-Jul-18,449.38,469.48,469.74,441.74,1.52M,-4.28%
19-Jul-18,469.47,480,484,463.94,1.21M,-2.19%
18-Jul-18,480,499.86,515.2,470.91,1.52M,-3.97%
17-Jul-18,499.87,479.68,511.54,467.33,1.70M,4.18%
16-Jul-18,479.79,450.87,480.84,446.14,1.42M,6.43%
15-Jul-18,450.81,434.09,455.68,432.59,916.02K,3.85%
14-Jul-18,434.09,432.88,439.94,429.89,932.65K,0.29%
13-Jul-18,432.85,430.86,442.02,425.77,1.24M,0.47%
12-Jul-18,430.84,445.96,446.27,418.71,1.55M,-3.40%
11-Jul-18,445.99,432.67,447.62,425.6,1.05M,3.08%
10-Jul-18,432.67,471.77,473.36,429.39,1.62M,-8.24%
9-Jul-18,471.52,486.41,488.1,469.93,1.20M,-3.07%
8-Jul-18,486.45,485.4,494.03,482.24,2.16M,0.22%
7-Jul-18,485.4,469.91,486.18,464.29,1.62M,3.30%
6-Jul-18,469.9,468.47,474.58,455.05,1.75M,0.30%
5-Jul-18,468.47,467.58,478.59,459.68,1.74M,0.20%
4-Jul-18,467.52,461.9,480.69,453.94,1.28M,1.22%
3-Jul-18,461.89,475.73,483.93,460.63,1.72M,-2.90%
2-Jul-18,475.7,452.57,479.94,442.29,1.91M,5.11%
1-Jul-18,452.57,452.72,456.02,445.06,1.67M,-0.02%
30-Jun-18,452.67,434.92,457.49,433.46,1.82M,3.97%
29-Jun-18,435.37,421.23,441.29,406.12,1.78M,3.35%
28-Jun-18,421.27,442.16,443.32,418.62,1.66M,-4.73%
27-Jun-18,442.16,430.32,445.38,423.01,2.02M,2.75%
26-Jun-18,430.33,458.76,459.96,429.87,5.31M,-6.20%
25-Jun-18,458.76,454.81,472.54,437.08,4.41M,0.87%
24-Jun-18,454.81,474.14,475.74,419.56,2.64M,-4.08%
23-Jun-18,474.14,462.58,482.42,456.46,1.22M,2.50%
22-Jun-18,462.57,525.97,526.26,450.72,1.74M,-12.06%
21-Jun-18,526.01,536.31,544.71,522.47,774.03K,-1.92%
20-Jun-18,536.31,538.22,541.08,517.42,873.14K,-0.36%
19-Jun-18,538.22,517.91,547.5,514.88,985.96K,3.92%
18-Jun-18,517.91,496.47,523.95,489.16,842.05K,4.33%
17-Jun-18,496.43,496.95,507.19,494.73,604.79K,-0.10%
16-Jun-18,496.93,487.88,502.47,484.89,749.09K,1.86%
15-Jun-18,487.88,519.49,520.73,483.99,1.25M,-6.09%
14-Jun-18,519.49,476.17,525.21,461.62,1.70M,9.10%
13-Jun-18,476.17,494.6,501.64,450.67,1.56M,-3.70%
12-Jun-18,494.48,531.4,538.16,484.99,1.24M,-6.95%
11-Jun-18,531.42,524.64,535.63,510.29,1.21M,1.29%
10-Jun-18,524.64,593.8,593.82,503.43,1.49M,-11.65%
9-Jun-18,593.8,599.67,608.65,592.54,534.16K,-0.98%
8-Jun-18,599.67,604.71,608.32,593.74,622.54K,-0.83%
7-Jun-18,604.71,606.39,616.52,600.29,843.32K,-0.28%
6-Jun-18,606.39,608.83,611.63,593.98,700.74K,-0.40%
5-Jun-18,608.83,591.44,613,577.53,829.99K,2.94%
4-Jun-18,591.44,619.09,624.81,580.71,809.80K,-4.46%
3-Jun-18,619.08,591.33,627.51,590.81,764.93K,4.70%
2-Jun-18,591.3,579.34,598.78,574.8,808.42K,2.07%
1-Jun-18,579.3,577.87,589.55,565.69,861.91K,0.25%
31-May-18,577.87,557.96,586.15,554.96,922.24K,3.56%
30-May-18,557.98,566.86,584.9,543.16,1.06M,-1.56%
29-May-18,566.81,512.32,572.71,511.94,1.38M,10.64%
28-May-18,512.29,570.67,575,507.72,1.50M,-10.23%
27-May-18,570.69,586.63,591.48,558.44,892.94K,-2.74%
26-May-18,586.76,585.39,606.26,579.36,651.25K,0.24%
25-May-18,585.39,602.4,616.48,569.77,1.08M,-2.83%
24-May-18,602.43,577.52,609.39,547.39,1.56M,4.31%
23-May-18,577.55,642.02,649.85,564.74,1.78M,-10.06%
22-May-18,642.17,696.84,698.48,639.2,928.09K,-7.85%
21-May-18,696.85,716.02,718.06,694.07,590.69K,-2.68%
20-May-18,716.02,696.73,722.92,688.7,702.63K,2.77%
19-May-18,696.76,693.28,716.51,683.38,732.31K,0.50%
18-May-18,693.28,668.98,694.24,658.25,906.93K,3.63%
17-May-18,668.97,706.53,718.5,663.91,953.69K,-5.32%
16-May-18,706.53,705.73,710.49,667.51,978.18K,0.11%
15-May-18,705.73,727.06,738.71,696.63,1.03M,-2.93%
14-May-18,727.06,729.41,741.52,687.16,1.39M,-0.32%
13-May-18,729.37,684.77,739.67,669.2,1.01M,6.64%
12-May-18,683.94,676.97,689.83,635.23,1.34M,1.14%
11-May-18,676.21,724.36,736.58,665.81,1.63M,-6.65%
10-May-18,724.4,751.98,768.24,723.39,983.14K,-3.62%
9-May-18,751.62,747.98,759.71,711.49,1.07M,0.42%
8-May-18,748.48,759.35,761.43,721.49,1.14M,-0.74%
7-May-18,754.03,793.29,797.3,700.4,2.12M,-4.94%
6-May-18,793.19,818.75,838.26,755.09,1.16M,-3.07%
5-May-18,818.33,785.29,830.03,782.18,1.00M,4.22%
4-May-18,785.2,778.97,806.9,760.1,1.24M,0.80%
3-May-18,778.95,688.23,788.61,686.79,1.55M,13.19%
2-May-18,688.15,671.31,690.97,664.29,873.98K,2.52%
1-May-18,671.26,670.12,674.36,630.33,1.03M,0.18%
30-Apr-18,670.07,689.83,693.85,664.03,913.86K,-2.87%
29-Apr-18,689.9,683.49,700.05,669.15,856.12K,0.94%
28-Apr-18,683.49,643.96,693.79,640.92,871.55K,6.14%
27-Apr-18,643.97,661.65,685.54,641.84,1.06M,-2.78%
26-Apr-18,662.36,617.37,665.2,600.69,1.37M,7.29%
25-Apr-18,617.36,702.94,703.25,594.98,2.72M,-12.18%
24-Apr-18,703.02,644.08,711.74,644.05,1.48M,9.14%
23-Apr-18,644.13,622.01,648.58,619.81,859.64K,3.52%
22-Apr-18,622.23,605.58,643.58,591.78,1.02M,2.75%
21-Apr-18,605.59,617.1,623.86,574.73,1.23M,-1.86%
20-Apr-18,617.04,567.7,620.58,558.27,1.42M,8.73%
19-Apr-18,567.49,525.74,570.15,522.15,1.04M,7.96%
18-Apr-18,525.66,503.24,526.41,502.02,759.15K,4.47%
17-Apr-18,503.19,511.75,520.86,501.73,826.71K,-1.69%
16-Apr-18,511.82,533.89,537.32,498.87,1.03M,-4.14%
15-Apr-18,533.9,502.52,534.18,502.52,988.29K,6.24%
14-Apr-18,502.52,494.36,514.14,486.89,924.64K,1.83%
13-Apr-18,493.48,494.25,528.71,482.19,1.67M,-0.11%
12-Apr-18,494.03,430.13,498.13,414.07,1.86M,14.85%
11-Apr-18,430.14,415.43,433.25,412.35,827.17K,3.54%
10-Apr-18,415.45,399.04,417.84,391.81,709.22K,4.11%
9-Apr-18,399.05,400.67,430.85,388.05,1.30M,-0.41%
8-Apr-18,400.71,384.85,403.71,384.85,569.26K,4.12%
7-Apr-18,384.87,369.97,394.66,369.41,600.40K,4.03%
6-Apr-18,369.97,381.69,385.7,363.83,700.80K,-3.03%
5-Apr-18,381.52,378.62,386.91,367.21,903.27K,0.75%
4-Apr-18,378.68,415.58,416.38,371.35,1.12M,-8.87%
3-Apr-18,415.55,385.02,418.78,380.89,1.06M,7.92%
2-Apr-18,385.07,378.85,393.94,375.67,824.81K,1.67%
1-Apr-18,378.75,394.1,399.46,359.49,1.24M,-3.86%
31-Mar-18,393.96,393.75,419.07,390.09,1.21M,0.04%
30-Mar-18,393.79,384.13,411.17,366.12,1.96M,2.52%
29-Mar-18,384.12,446.86,449.33,380.85,2.01M,-14.03%
28-Mar-18,446.84,448.73,465.09,440.84,918.12K,-0.37%
27-Mar-18,448.48,485.97,491.77,446.7,1.31M,-7.72%
26-Mar-18,485.98,523.46,526.22,467.46,1.15M,-7.17%
25-Mar-18,523.5,520.44,535.11,513.05,495.85K,0.59%
24-Mar-18,520.45,543.15,545.15,520.05,554.62K,-4.23%
23-Mar-18,543.42,539.9,543.51,508.36,871.89K,0.66%
22-Mar-18,539.87,559.9,577.63,517.81,887.95K,-3.63%
21-Mar-18,560.24,557.09,589.83,545.87,1.01M,0.57%
20-Mar-18,557.08,555.75,566.63,517.02,1.16M,0.17%
19-Mar-18,556.16,536.72,558.33,516.31,1.46M,3.62%
18-Mar-18,536.72,549.96,559.19,454.9,2.56M,-2.46%
17-Mar-18,550.27,600.48,609.48,544.51,777.54K,-8.41%
16-Mar-18,600.79,610.36,625.34,585.84,695.58K,-1.53%
15-Mar-18,610.13,612.08,620.01,572.69,991.89K,-0.32%
14-Mar-18,612.09,689.67,702.53,587.1,990.48K,-11.24%
13-Mar-18,689.57,697.06,713.8,680.01,558.73K,-1.07%
12-Mar-18,697.04,720.12,739.25,678.27,664.59K,-3.20%
11-Mar-18,720.12,682.77,733.33,664.53,690.94K,5.51%
10-Mar-18,682.52,725.7,746.13,678.46,673.80K,-5.97%
9-Mar-18,725.89,698.91,728.83,644.46,1.13M,3.85%
8-Mar-18,698.96,750.09,772.23,689.41,850.15K,-6.80%
7-Mar-18,749.98,814.56,824.83,724.98,945.38K,-7.96%
6-Mar-18,814.88,850,851.72,803.9,578.56K,-4.16%
5-Mar-18,850.24,865.53,870.27,850.24,466.38K,-1.77%
4-Mar-18,865.53,855.91,867.35,838.06,444.49K,1.12%
3-Mar-18,855.91,855.46,868.51,853.45,407.54K,-0.02%
2-Mar-18,856.09,870.51,875.69,850.47,463.75K,-1.60%
1-Mar-18,870.04,852.44,879.53,848.41,514.50K,2.06%
28-Feb-18,852.49,871.58,888.06,850.84,550.74K,-2.17%
27-Feb-18,871.44,867.06,894.78,861.4,569.30K,0.51%
26-Feb-18,866.99,841.28,879.18,835.34,619.75K,3.11%
25-Feb-18,840.88,834.1,849.36,818.46,507.82K,0.78%
24-Feb-18,834.36,854.99,874.49,810.91,669.62K,-2.60%
23-Feb-18,856.65,803.56,882.61,787.95,868.36K,6.59%
22-Feb-18,803.66,838.97,878.14,789.92,849.82K,-4.22%
21-Feb-18,839.1,884.94,906.43,818.48,1.01M,-5.13%
20-Feb-18,884.51,940.04,959.41,877.65,788.97K,-5.91%
19-Feb-18,940.08,913.09,954.94,910.29,552.22K,2.95%
18-Feb-18,913.1,971.57,980.27,903.28,869.06K,-6.02%
17-Feb-18,971.54,937.35,972.86,934.49,648.32K,3.63%
16-Feb-18,937.5,927.34,945.68,907.33,662.76K,1.07%
15-Feb-18,927.56,919.53,945.99,902.56,952.23K,0.86%
14-Feb-18,919.67,841.38,922.38,840.82,993.86K,9.30%
13-Feb-18,841.38,865.72,868.92,822.98,733.53K,-2.80%
12-Feb-18,865.62,811.01,875.52,810.99,837.42K,6.81%
11-Feb-18,810.45,851.44,854.1,778.9,988.45K,-4.81%
10-Feb-18,851.39,877.88,908.26,816.72,1.05M,-3.01%
9-Feb-18,877.85,805.15,879.51,781.97,923.81K,9.00%
8-Feb-18,805.4,752.75,831.02,751.76,1.25M,6.93%
7-Feb-18,753.18,782.72,852.98,719.34,1.98M,-3.91%
6-Feb-18,783.83,696.75,797.94,568.78,4.29M,12.48%
5-Feb-18,696.86,828.49,859.72,634.64,2.99M,-15.98%
4-Feb-18,829.43,971.49,972.66,788.79,1.34M,-14.62%
3-Feb-18,971.49,920.93,997.51,850.38,1.07M,5.50%
2-Feb-18,920.85,1033.02,1036.17,766.82,3.03M,-10.90%
1-Feb-18,1033.55,1118.15,1157.09,970.42,1.76M,-7.56%
31-Jan-18,1118.08,1072.17,1126.87,1028.03,990.74K,4.31%
30-Jan-18,1071.9,1174.36,1178.92,1042.9,1.42M,-8.77%
29-Jan-18,1175,1245.5,1259.8,1155.9,488.44K,-5.74%
28-Jan-18,1246.6,1114.7,1264.8,1109,662.74K,11.82%
27-Jan-18,1114.8,1046.9,1125.3,1031.6,370.17K,6.48%
26-Jan-18,1047,1048.2,1078.6,983,485.47K,-0.11%
25-Jan-18,1048.2,1061.8,1102.4,1025.1,567.30K,-1.41%
24-Jan-18,1063.2,982.11,1068.8,952.04,606.14K,8.16%
23-Jan-18,982.98,995.26,1022,905.38,798.28K,-1.22%
22-Jan-18,995.08,1047,1084.1,912.76,835.88K,-4.96%
21-Jan-18,1047,1146.3,1146.3,1001.5,691.69K,-8.64%
20-Jan-18,1146,1032.6,1160,1029.6,573.52K,10.98%
19-Jan-18,1032.6,993.92,1079,960.1,612.19K,3.80%
18-Jan-18,994.81,1020.1,1079,940,1.31M,-2.23%
17-Jan-18,1017.5,1019.6,1088.3,770.1,2.40M,-0.25%
16-Jan-18,1020.1,1275.8,1278.8,868.98,2.35M,-19.89%
15-Jan-18,1273.4,1349.9,1377.9,1264.4,481.87K,-5.67%
14-Jan-18,1350,1379.9,1385,1256,618.61K,-2.17%
13-Jan-18,1380,1257,1423.2,1252.6,709.74K,9.77%
12-Jan-18,1257.2,1135.1,1285,1083.4,732.33K,10.72%
11-Jan-18,1135.5,1245.9,1331.8,1102.5,1.26M,-9.01%
10-Jan-18,1248,1285.7,1381.9,1203.2,1.33M,-2.78%
9-Jan-18,1283.7,1129.4,1299,1119.1,1.04M,13.67%
8-Jan-18,1129.3,1115.9,1225,968.12,1.54M,1.21%
7-Jan-18,1115.8,1004.3,1116,999.5,699.39K,11.10%
6-Jan-18,1004.3,962.77,1014.2,951.38,447.26K,4.31%
5-Jan-18,962.77,939.3,1023.6,930,1.04M,2.42%
4-Jan-18,940,942.01,997,893.24,1.22M,-0.21%
3-Jan-18,942.01,858.78,954.73,840,1.09M,9.69%
2-Jan-18,858.78,752.46,890,752.46,1.47M,14.13%
1-Jan-18,752.46,736.77,762,717.94,425.46K,2.13%
31-Dec-17,736.77,682.22,741.99,675.56,536.84K,8.00%
30-Dec-17,682.22,731.52,737.56,640.43,936.94K,-6.74%
29-Dec-17,731.52,711.42,755,703.02,716.87K,2.83%
28-Dec-17,711.42,736.45,740.3,652,893.82K,-3.40%
27-Dec-17,736.45,749.8,766.06,703.27,587.33K,-1.78%
26-Dec-17,749.8,709.81,749.8,708.83,521.74K,5.63%
25-Dec-17,709.81,659.89,737,651.76,764.73K,7.56%
24-Dec-17,659.89,672.59,675,560,1.09M,-1.89%
23-Dec-17,672.59,628.19,717,616.19,842.43K,7.07%
22-Dec-17,628.19,786.97,792,492.01,2.73M,-20.18%
21-Dec-17,786.97,794.99,848.08,747.1,1.20M,-1.01%
20-Dec-17,794.99,799.98,826.2,709,1.48M,-0.62%
19-Dec-17,799.98,783.99,863,750.01,1.81M,2.04%
18-Dec-17,783.99,708.78,798.9,660,1.47M,10.61%
17-Dec-17,708.78,683.25,725,683.24,737.16K,3.74%
16-Dec-17,683.25,678.29,711.96,672.51,703.29K,0.73%
15-Dec-17,678.29,686.51,698.31,610,1.26M,-1.20%
14-Dec-17,686.51,690.69,760,651,1.73M,-0.61%
13-Dec-17,690.69,634.87,742,573,2.40M,8.79%
12-Dec-17,634.87,515.25,646.92,497.75,1.49M,23.22%
11-Dec-17,515.25,429.24,531.2,429.14,784.74K,20.04%
10-Dec-17,429.24,460.92,460.92,413.3,875.79K,-6.87%
9-Dec-17,460.92,442.19,487.8,441,1.13M,4.24%
8-Dec-17,442.19,415.02,453.61,400.34,1.12M,6.55%
7-Dec-17,415.02,413.71,429,390,1.13M,0.32%
6-Dec-17,413.71,451.87,454.23,403,1.29M,-8.44%
5-Dec-17,451.87,465,467.38,444.17,656.34K,-2.82%
4-Dec-17,465,459.49,471.06,439.27,431.18K,1.20%
3-Dec-17,459.49,455.51,482.69,431.04,482.91K,0.87%
2-Dec-17,455.51,460.67,472,447,473.67K,-1.12%
1-Dec-17,460.67,432.21,467,413.96,594.10K,6.58%
30-Nov-17,432.21,420.34,454.95,385.4,785.98K,2.82%
29-Nov-17,420.34,465.56,517,403.01,801.26K,-9.71%
28-Nov-17,465.56,473.44,479,457.2,538.34K,-1.66%
27-Nov-17,473.44,464,491.89,458.25,671.20K,2.03%
26-Nov-17,464,464,464,464,-,0.00%
25-Nov-17,464,469.89,481.99,454.4,589.72K,-1.38%
24-Nov-17,470.51,405.19,478.5,397.37,903.70K,16.12%
23-Nov-17,405.19,380.48,426.27,374.34,925.00K,6.49%
22-Nov-17,380.48,360,381.89,358.8,486.17K,5.69%
21-Nov-17,360,367.94,373.5,350,696.99K,-2.16%
20-Nov-17,367.94,354.7,373.7,352.03,519.57K,3.73%
19-Nov-17,354.7,346.68,371,343.28,618.02K,2.31%
18-Nov-17,346.68,331,350.4,325.32,518.81K,4.74%
17-Nov-17,331,331.16,335.01,325,530.71K,0.07%
16-Nov-17,330.76,330.59,335.11,321.18,521.94K,0.05%
15-Nov-17,330.59,334.28,339.61,321.5,584.66K,-1.10%
14-Nov-17,334.28,313.22,336.69,313.22,854.09K,6.72%
13-Nov-17,313.22,303.9,318,302.4,696.37K,3.07%
12-Nov-17,303.9,313.07,316.99,293.33,879.41K,-2.93%
11-Nov-17,313.07,296.18,319.88,294.7,604.70K,5.70%
10-Nov-17,296.18,319.52,324.03,286,1.16M,-7.30%
9-Nov-17,319.52,307.5,328.8,305,881.18K,3.91%
8-Nov-17,307.5,291.42,318.9,290.11,1.17M,5.52%
7-Nov-17,291.42,296.9,304.2,285.01,757.80K,-1.85%
6-Nov-17,296.9,295.63,310,292,557.78K,0.43%
5-Nov-17,295.63,299.48,301,292.28,345.21K,-1.29%
4-Nov-17,299.48,303.47,304.38,293,463.88K,-1.31%
3-Nov-17,303.47,284.89,307.36,284,760.96K,6.52%
2-Nov-17,284.89,288.6,293.01,275.21,910.76K,-1.29%
1-Nov-17,288.6,303.69,305.11,287.04,538.44K,-4.97%
31-Oct-17,303.69,307,312,303.1,285.81K,-1.08%
30-Oct-17,307,304.39,314.4,303.93,301.72K,0.86%
29-Oct-17,304.39,293.49,312.49,290.5,583.18K,3.71%
28-Oct-17,293.49,295.99,297.01,288.6,245.78K,-0.84%
27-Oct-17,295.99,295.1,299.5,291.6,239.63K,0.30%
26-Oct-17,295.1,295.46,299,290.55,207.77K,-0.12%
25-Oct-17,295.46,296.3,300,288.5,329.33K,-0.28%
24-Oct-17,296.3,284.85,311.85,280.02,758.33K,4.02%
23-Oct-17,284.85,293.55,293.96,273.5,597.47K,-2.96%
22-Oct-17,293.55,299.23,305.62,289.4,334.09K,-1.90%
21-Oct-17,299.23,302.61,303,289.31,368.61K,-1.12%
20-Oct-17,302.61,306.97,313.01,301.04,415.81K,-1.42%
19-Oct-17,306.97,313.45,316.5,304,413.13K,-2.07%
18-Oct-17,313.45,315.65,316.21,287.46,885.21K,-0.70%
17-Oct-17,315.65,334.46,334.8,308,671.49K,-5.62%
16-Oct-17,334.46,337.23,355,330.85,945.25K,-0.82%
15-Oct-17,337.23,339.24,344.89,315,875.27K,-0.59%
14-Oct-17,339.24,337.46,348,334.05,528.58K,0.53%
13-Oct-17,337.46,303.06,350,298,1.34M,11.35%
12-Oct-17,303.06,303.2,310.01,302.1,649.86K,-0.05%
11-Oct-17,303.2,299.32,306.55,296.6,407.08K,1.30%
10-Oct-17,299.32,297.4,307,292.57,366.24K,0.65%
9-Oct-17,297.4,309.82,311.16,287.03,630.80K,-4.01%
8-Oct-17,309.82,311.46,314.39,307.55,363.24K,-0.53%
7-Oct-17,311.46,308.43,315,304.5,409.62K,0.98%
6-Oct-17,308.43,295.12,309.59,293.04,373.26K,4.51%
5-Oct-17,295.12,291.4,297.92,285.12,317.81K,1.28%
4-Oct-17,291.4,291.69,296,287.56,394.45K,-0.10%
3-Oct-17,291.69,296.82,300.5,285.93,452.02K,-1.73%
2-Oct-17,296.82,304.26,304.63,292.1,468.96K,-2.45%
1-Oct-17,304.26,303.44,305.57,295,385.33K,0.27%
30-Sep-17,303.44,292.66,307.76,292.3,459.21K,3.68%
29-Sep-17,292.66,302.63,303.9,280.5,966.41K,-3.29%
28-Sep-17,302.63,309.75,310.69,297.75,491.02K,-2.30%
27-Sep-17,309.75,289.28,315.51,286.93,748.36K,7.08%
26-Sep-17,289.28,295.2,296.38,285.2,366.53K,-2.01%
25-Sep-17,295.2,282,297.93,281.8,652.31K,4.68%
24-Sep-17,282,285.9,294.54,275.41,687.97K,-1.36%
23-Sep-17,285.9,262.19,287.2,259.01,570.42K,9.04%
22-Sep-17,262.19,256.67,269.5,253.03,643.20K,2.15%
21-Sep-17,256.67,283.5,287.53,251.52,1.03M,-9.46%
20-Sep-17,283.5,282.63,294,277,512.32K,0.31%
19-Sep-17,282.63,296.81,299,275,941.08K,-4.78%
18-Sep-17,296.81,257,299.89,257,1.33M,15.49%
17-Sep-17,257,253,263.69,239,685.70K,1.58%
16-Sep-17,253,258.68,270,242.2,1.08M,-2.20%
15-Sep-17,258.68,222.5,269,198,3.34M,16.26%
14-Sep-17,222.5,275.48,281.01,221.71,2.25M,-19.23%
13-Sep-17,275.48,293.9,294.16,256,1.57M,-6.27%
12-Sep-17,293.9,297.19,316.73,283,915.33K,-1.11%
11-Sep-17,297.19,297.9,308,287.33,609.03K,-0.24%
10-Sep-17,297.9,303.08,305,276.11,891.44K,-1.71%
9-Sep-17,303.08,304,307.08,291.46,594.28K,-0.30%
8-Sep-17,304,334.1,334.58,291,1.08M,-9.01%
7-Sep-17,334.1,337.36,338.66,321.1,582.98K,-0.97%
6-Sep-17,337.36,316.18,339.5,314.81,805.38K,6.70%
5-Sep-17,316.18,295.81,323.17,267.64,1.34M,6.89%
4-Sep-17,295.81,350.63,351.59,275,1.99M,-15.63%
3-Sep-17,350.63,345,368.4,328.33,742.59K,1.63%
2-Sep-17,345,390.35,390.77,325.1,1.08M,-11.62%
1-Sep-17,390.35,387.3,395.03,383.6,461.31K,0.79%
31-Aug-17,387.3,382.78,390,380.1,345.07K,1.18%
30-Aug-17,382.78,372,390.1,365.1,660.23K,2.90%
29-Aug-17,372,347.09,375.98,346.42,631.68K,7.18%
28-Aug-17,347.09,348.01,352,332.74,389.24K,-0.26%
27-Aug-17,348.01,332.72,348.01,331.88,362.05K,4.60%
26-Aug-17,332.72,328.7,334.6,324.5,315.62K,1.22%
25-Aug-17,328.7,325.62,338.25,324.04,378.01K,0.95%
24-Aug-17,325.62,316.5,329.56,314.14,326.98K,2.88%
23-Aug-17,316.5,312.54,325,311.65,402.80K,1.27%
22-Aug-17,312.54,322.24,329.96,285.01,857.28K,-3.01%
21-Aug-17,322.24,298.37,346.99,294.53,1.15M,8.00%
20-Aug-17,298.37,292.78,299,286.96,304.35K,1.91%
19-Aug-17,292.78,292,298.51,280,554.28K,0.27%
18-Aug-17,292,299,307,286,578.06K,-2.34%
17-Aug-17,299,301.34,312,297.01,465.80K,-0.78%
16-Aug-17,301.34,286,304,279.94,526.52K,5.36%
15-Aug-17,286,298.22,299.91,272.29,629.18K,-4.10%
14-Aug-17,298.22,296.64,306.48,293.99,371.28K,0.53%
13-Aug-17,296.64,307.22,308,285.21,582.97K,-3.44%
12-Aug-17,307.22,308.81,319.78,299,561.91K,-0.51%
11-Aug-17,308.81,295.97,310.42,294,455.52K,4.34%
10-Aug-17,295.97,293.99,310.05,287.6,543.93K,0.67%
9-Aug-17,293.99,295.83,316,277,1.40M,-0.62%
8-Aug-17,295.83,269.51,299.5,265,726.47K,9.77%
7-Aug-17,269.51,264.29,274.6,257.32,511.60K,1.98%
6-Aug-17,264.29,253.87,271.5,251,734.52K,4.10%
5-Aug-17,253.87,220.73,259.9,219.23,822.05K,15.01%
4-Aug-17,220.73,224.79,228.3,218.66,292.12K,-1.81%
3-Aug-17,224.79,218,228.2,217.07,336.65K,3.11%
2-Aug-17,218,225.97,229.7,215,558.15K,-3.53%
1-Aug-17,225.97,200.81,232.59,200.8,1.23M,12.53%
31-Jul-17,200.81,195.31,201.5,188.12,444.15K,2.82%
30-Jul-17,195.31,206.76,210.76,192.21,522.57K,-5.54%
29-Jul-17,206.76,191.2,213,176.95,866.05K,8.14%
28-Jul-17,191.2,202.54,204.19,188.1,493.90K,-5.60%
27-Jul-17,202.54,203.33,207,197.86,410.96K,-0.39%
26-Jul-17,203.33,202.7,209.59,191.76,685.64K,0.31%
25-Jul-17,202.7,226.59,227.69,190.49,1.08M,-10.54%
24-Jul-17,226.59,228.15,232.56,223.64,355.76K,-0.68%
23-Jul-17,228.15,232.01,236.57,219,410.73K,-1.66%
22-Jul-17,232.01,216.11,237.19,214.35,556.21K,7.36%
21-Jul-17,216.11,227.29,239,208,853.87K,-4.92%
20-Jul-17,227.29,194.63,238,194.63,2.11M,16.78%
19-Jul-17,194.63,226.56,245.61,187,2.33M,-14.09%
18-Jul-17,226.56,190.16,258,177.5,2.52M,19.14%
17-Jul-17,190.16,157.4,190.61,155,1.45M,20.81%
16-Jul-17,157.4,170.15,172.7,136.12,2.11M,-7.49%
15-Jul-17,170.15,196.49,197.8,169.82,694.52K,-13.41%
14-Jul-17,196.49,205,207.76,179.58,971.73K,-4.15%
13-Jul-17,205,223.92,224.99,189.46,842.98K,-8.45%
12-Jul-17,223.92,188.63,225,177.78,1.09M,18.71%
11-Jul-17,188.63,202,215,169,1.56M,-6.62%
10-Jul-17,202,234.97,238.01,187.5,1.01M,-14.03%
9-Jul-17,234.97,245.23,249,234.15,201.47K,-4.18%
8-Jul-17,245.23,238.38,246.66,226.68,365.16K,2.87%
7-Jul-17,238.38,265.35,265.8,233.84,496.51K,-10.16%
6-Jul-17,265.35,264.77,273,258.37,240.42K,0.22%
5-Jul-17,264.77,266.68,272.12,249.53,436.76K,-0.72%
4-Jul-17,266.68,273.99,283,260,425.00K,-2.67%
3-Jul-17,273.99,277.64,283.98,266.45,336.35K,-1.31%
2-Jul-17,277.64,255,285.91,242.81,488.52K,8.88%
1-Jul-17,255,275.62,277.63,238,716.32K,-7.48%
30-Jun-17,275.62,285.3,301.9,267.35,386.78K,-3.39%
29-Jun-17,285.3,311.62,318.27,276,620.08K,-8.45%
28-Jun-17,311.62,279,318.27,255,910.35K,11.69%
27-Jun-17,279,251.3,279,204.11,1.09M,11.02%
26-Jun-17,251.3,277,286.85,214.99,1.36M,-9.28%
25-Jun-17,277,296.89,306.39,253.2,508.55K,-6.70%
24-Jun-17,296.89,324.37,327.55,291.53,195.47K,-8.47%
23-Jun-17,324.37,320.94,329.9,316.36,105.60K,1.07%
22-Jun-17,320.94,321.66,328.99,305,351.82K,-0.22%
21-Jun-17,321.66,344.15,348.5,287.11,642.80K,-6.53%
20-Jun-17,344.15,355.5,366.52,328,342.67K,-3.19%
19-Jun-17,355.5,348.88,362.5,344.13,174.45K,1.90%
18-Jun-17,348.88,364.56,377.46,336.89,283.22K,-4.30%
17-Jun-17,364.56,348.44,366.08,332,219.77K,4.63%
16-Jun-17,348.44,338.7,355.51,305.22,347.87K,2.88%
15-Jun-17,338.7,335.95,344,265,1.15M,0.82%
14-Jun-17,335.95,382.7,385.73,315,593.56K,-12.22%
13-Jun-17,382.7,386.9,395,345.61,442.31K,-1.09%
12-Jun-17,386.9,336.33,412.21,297,1.17M,15.04%
11-Jun-17,336.33,325.88,347,310,503.72K,3.21%
10-Jun-17,325.88,278.41,341.94,278.26,564.75K,17.05%
9-Jun-17,278.41,256.95,279.9,256.95,271.54K,8.35%
8-Jun-17,256.95,250.7,258.93,242.04,147.19K,2.49%
7-Jun-17,250.7,261.89,263.7,241.01,253.51K,-4.27%
6-Jun-17,261.89,242.16,264.99,238.23,412.07K,8.15%
5-Jun-17,242.16,241.06,244.29,231.72,202.57K,0.46%
4-Jun-17,241.06,217.01,245.98,216.1,375.99K,11.08%
3-Jun-17,217.01,214.77,217.99,210.01,96.06K,1.04%
2-Jun-17,214.77,211.4,219.21,208.23,152.45K,1.59%
1-Jun-17,211.4,218.34,227.32,196,453.56K,-3.18%
31-May-17,218.34,224.69,230.55,200.9,584.48K,-2.83%
30-May-17,224.69,189.99,229.98,182,757.87K,18.26%
29-May-17,189.99,161.91,191.3,155.01,472.38K,17.34%
28-May-17,161.91,149.99,172.79,149.66,643.59K,7.95%
27-May-17,149.99,152.8,161,110.42,1.26M,-1.84%
26-May-17,152.8,168.71,187,143.64,649.59K,-9.43%
25-May-17,168.71,183.88,206.06,155,862.96K,-8.25%
24-May-17,183.88,168.24,197.41,166.33,645.09K,9.30%
23-May-17,168.24,154.92,174.3,148.6,507.16K,8.60%
22-May-17,154.92,146.14,190,136.8,1.65M,6.01%
21-May-17,146.14,123.03,146.4,122.32,769.98K,18.78%
20-May-17,123.03,124.4,128.95,119.54,429.97K,-1.10%
19-May-17,124.4,98.6,129.25,98.31,900.72K,26.17%
18-May-17,98.6,89.67,98.89,89.42,437.25K,9.96%
17-May-17,89.67,88.17,90.93,83.77,174.84K,1.70%
16-May-17,88.17,92.56,93.48,85.43,193.41K,-4.74%
15-May-17,92.56,90.37,95.17,90.37,403.46K,2.42%
14-May-17,90.37,89.9,91.92,88.11,173.21K,0.52%
13-May-17,89.9,86.99,89.99,84.5,106.01K,3.35%
12-May-17,86.99,89.38,92,83.85,283.23K,-2.67%
11-May-17,89.38,88.33,91.5,87.35,210.47K,1.19%
10-May-17,88.33,88.94,92.46,86.6,195.51K,-0.69%
9-May-17,88.94,88.97,91.1,77.76,703.65K,-0.03%
8-May-17,88.97,94.21,95.48,88.11,349.34K,-5.56%
7-May-17,94.21,96.65,98,90.89,219.19K,-2.52%
6-May-17,96.65,91.5,96.84,90.53,243.52K,5.63%
5-May-17,91.5,99.2,101.7,88.2,718.17K,-7.76%
4-May-17,99.2,85.79,99.78,84.61,822.13K,15.63%
3-May-17,85.79,82.01,86.62,81,357.12K,4.61%
2-May-17,82.01,81.4,85.18,79.49,361.70K,0.75%
1-May-17,81.4,83.51,88.1,66,1.26M,-2.53%
30-Apr-17,83.51,73.55,84,72.6,492.64K,13.54%
29-Apr-17,73.55,76,77.6,71.2,474.76K,-3.22%
28-Apr-17,76,68,77.4,66,959.41K,11.76%
27-Apr-17,68,57.31,68,56.92,526.52K,18.65%
26-Apr-17,57.31,53.9,58.38,53.66,530.34K,6.33%
25-Apr-17,53.9,53.54,54.21,53.25,97.44K,0.67%
24-Apr-17,53.54,53.33,54.48,53,202.96K,0.39%
23-Apr-17,53.33,52.15,54.44,51.75,186.86K,2.26%
22-Apr-17,52.15,51.37,52.78,51.03,125.32K,1.52%
21-Apr-17,51.37,51.96,52.27,51.1,156.43K,-1.14%
20-Apr-17,51.96,49.66,52.45,48.6,347.61K,4.63%
19-Apr-17,49.66,52.42,53,45,460.60K,-5.27%
18-Apr-17,52.42,49.52,53,49.07,643.62K,5.86%
17-Apr-17,49.52,49.58,50.27,48.88,170.64K,-0.12%
16-Apr-17,49.58,49.71,49.9,48.87,64.04K,-0.26%
15-Apr-17,49.71,48.5,50.48,47.95,332.29K,2.49%
14-Apr-17,48.5,50.65,50.65,47.34,394.47K,-4.24%
13-Apr-17,50.65,46.85,51.51,46.85,520.86K,8.11%
12-Apr-17,46.85,44.21,48.47,43.84,537.21K,5.97%
11-Apr-17,44.21,44.17,44.8,43.8,113.37K,0.09%
10-Apr-17,44.17,43.94,44.76,43.01,218.12K,0.52%
9-Apr-17,43.94,44.51,44.86,43.18,177.31K,-1.28%
8-Apr-17,44.51,42.25,45.76,42.25,363.84K,5.35%
7-Apr-17,42.25,43.11,44.53,41.78,277.52K,-1.99%
6-Apr-17,43.11,45.35,46.03,41.25,649.41K,-4.94%
5-Apr-17,45.35,44.41,47.53,44.19,564.40K,2.12%
4-Apr-17,44.41,44.28,45.69,41.05,762.88K,0.29%
3-Apr-17,44.28,48.6,48.6,42.77,1.17M,-8.89%
2-Apr-17,48.6,50.59,51.59,47.7,784.60K,-3.93%
1-Apr-17,50.59,49.72,51.87,48.7,386.43K,1.75%
31-Mar-17,49.72,51.62,51.83,46.82,784.70K,-3.68%
30-Mar-17,51.62,52.88,53.28,50.75,373.98K,-2.38%
29-Mar-17,52.88,50.16,54.3,49.4,685.32K,5.42%
28-Mar-17,50.16,48.93,50.6,47.95,453.92K,2.51%
27-Mar-17,48.93,50.46,52.01,47.67,389.87K,-3.03%
26-Mar-17,50.46,50.75,51.8,46.55,461.99K,-0.57%
25-Mar-17,50.75,54.01,54.9,47.46,1.15M,-6.04%
24-Mar-17,54.01,43.14,58.99,42.5,1.64M,25.20%
23-Mar-17,43.14,41.46,44.75,40.22,523.65K,4.05%
22-Mar-17,41.46,42.45,42.95,38.51,488.53K,-2.33%
21-Mar-17,42.45,42.06,43.7,41.15,462.96K,0.93%
20-Mar-17,42.06,43.17,45.13,39.47,875.00K,-2.57%
19-Mar-17,43.17,34.2,45.69,34.1,1.69M,26.23%
18-Mar-17,34.2,44.65,44.99,31.1,2.12M,-23.40%
17-Mar-17,44.65,45.07,51.88,32.84,3.39M,-0.93%
16-Mar-17,45.07,34.8,46.21,34.8,3.06M,29.51%
15-Mar-17,34.8,28.66,34.8,28.36,1.36M,21.42%
14-Mar-17,28.66,28.4,29.93,27,701.89K,0.92%
13-Mar-17,28.4,23.2,30.6,23.2,1.78M,22.41%
12-Mar-17,23.2,21.3,23.23,21.05,786.85K,8.92%
11-Mar-17,21.3,19.18,21.45,18.83,661.77K,11.05%
10-Mar-17,19.18,17.75,19.7,16.5,824.86K,8.06%
9-Mar-17,17.75,16.51,18,16.25,281.60K,7.51%
8-Mar-17,16.51,18.88,18.88,16.51,562.05K,-12.55%
7-Mar-17,18.88,19.51,19.67,18.5,228.66K,-3.23%
6-Mar-17,19.51,19.35,20.23,19.14,316.91K,0.83%
5-Mar-17,19.35,18.5,19.45,18.15,226.39K,4.59%
4-Mar-17,18.5,19.49,20,18.4,331.95K,-5.08%
3-Mar-17,19.49,19.02,20.73,18.43,981.00K,2.47%
2-Mar-17,19.02,17.43,19.45,16.3,903.09K,9.12%
1-Mar-17,17.43,15.86,17.49,15.62,343.43K,9.90%
28-Feb-17,15.86,15.5,16.23,15.18,616.60K,2.32%
27-Feb-17,15.5,14.57,15.75,14.3,469.29K,6.38%
26-Feb-17,14.57,13.55,14.66,13.3,284.67K,7.53%
25-Feb-17,13.55,13.11,13.8,13.05,223.07K,3.36%
24-Feb-17,13.11,13.27,13.31,12.7,145.36K,-1.21%
23-Feb-17,13.27,12.68,13.37,12.6,168.68K,4.65%
22-Feb-17,12.68,12.82,12.85,12.6,47.57K,-1.09%
21-Feb-17,12.82,12.4,12.89,12.25,174.10K,3.39%
20-Feb-17,12.4,12.8,12.91,12.4,91.26K,-3.13%
19-Feb-17,12.8,12.79,12.94,12.7,54.51K,0.08%
18-Feb-17,12.79,12.76,12.9,12.7,67.30K,0.24%
17-Feb-17,12.76,12.92,12.92,12.6,86.68K,-1.24%
16-Feb-17,12.92,12.92,12.99,12.57,116.46K,0.00%
15-Feb-17,12.92,13.02,13.15,12.59,302.77K,-0.31%
14-Feb-17,12.96,11.32,13.4,11.32,613.95K,14.19%
13-Feb-17,11.35,11.33,11.37,11.05,59.34K,0.80%
12-Feb-17,11.26,11.33,11.4,11.22,35.22K,-0.62%
11-Feb-17,11.33,11.27,11.38,11.13,73.26K,0.27%
10-Feb-17,11.3,10.95,11.39,10.75,141.08K,3.67%
9-Feb-17,10.9,11.35,11.51,10.41,205.68K,-3.96%
8-Feb-17,11.35,11.45,11.6,11,78.89K,-0.53%
7-Feb-17,11.41,11.31,11.5,11.25,116.31K,0.80%
6-Feb-17,11.32,11.18,11.33,11.12,69.66K,1.25%
5-Feb-17,11.18,11.32,11.37,11.05,48.07K,-1.24%
4-Feb-17,11.32,11,11.4,11,158.07K,3.57%
3-Feb-17,10.93,10.78,10.93,10.55,102.56K,1.20%
2-Feb-17,10.8,10.71,10.84,10.53,149.42K,0.84%
1-Feb-17,10.71,10.71,10.77,10.41,113.79K,0.00%
31-Jan-17,10.71,10.5,10.74,10.38,250.34K,1.71%
30-Jan-17,10.53,10.44,10.69,10.38,107.00K,0.67%
29-Jan-17,10.46,10.49,10.51,10.38,38.28K,-0.48%
28-Jan-17,10.51,10.5,10.54,10.35,102.56K,0.10%
27-Jan-17,10.5,10.52,10.58,10.36,61.25K,-1.22%
26-Jan-17,10.63,10.49,10.63,10.43,84.72K,1.43%
25-Jan-17,10.48,10.52,10.58,10.35,26.19K,-0.19%
24-Jan-17,10.5,10.58,10.75,10.46,105.21K,-2.51%
23-Jan-17,10.77,10.64,10.83,10.59,54.39K,1.22%
22-Jan-17,10.64,10.91,10.98,10.34,140.66K,-2.83%
21-Jan-17,10.95,10.64,11.09,10.56,125.31K,3.11%
20-Jan-17,10.62,10.38,10.75,10.3,63.55K,2.31%
19-Jan-17,10.38,10.31,10.51,10.15,50.64K,1.86%
18-Jan-17,10.19,10.3,10.49,9.74,99.39K,0.69%
17-Jan-17,10.12,9.54,10.6,9.53,237.84K,5.31%
16-Jan-17,9.61,9.72,9.78,9.55,16.03K,-2.04%
15-Jan-17,9.81,9.67,9.83,9.6,16.89K,1.45%
14-Jan-17,9.67,9.72,9.87,9.51,17.44K,0.00%
13-Jan-17,9.67,9.83,9.83,9.39,39.76K,-1.63%
12-Jan-17,9.83,9.48,10.04,9.08,120.95K,0.41%
11-Jan-17,9.79,10.61,10.7,9.41,159.09K,-7.73%
10-Jan-17,10.61,10.43,10.75,10.2,96.97K,3.41%
9-Jan-17,10.26,10.43,10.84,9.5,165.98K,-0.19%
8-Jan-17,10.28,9.8,10.48,9.8,116.55K,4.47%
7-Jan-17,9.84,10.09,10.19,9.48,107.33K,-2.38%
6-Jan-17,10.08,10.23,10.4,9.47,144.69K,-0.69%
5-Jan-17,10.15,11.16,11.7,9.2,490.64K,-7.73%
4-Jan-17,11,9.57,11.1,9.44,556.25K,12.94%
3-Jan-17,9.74,8.43,9.9,8.3,603.42K,16.37%
2-Jan-17,8.37,8.19,8.5,8.11,101.27K,2.07%
1-Jan-17,8.2,8.17,8.59,8.03,144.92K,2.50%
31-Dec-16,8,8.17,8.35,8,200.24K,-1.96%
30-Dec-16,8.16,8.27,8.5,8.05,56.74K,-1.33%
29-Dec-16,8.27,7.62,8.6,7.62,291.60K,9.10%
28-Dec-16,7.58,7.2,7.76,7.1,177.26K,6.46%
27-Dec-16,7.12,7.27,7.33,7.08,40.80K,-2.06%
26-Dec-16,7.27,7.11,7.35,7.05,78.87K,0.55%
25-Dec-16,7.23,7.25,7.32,7.17,16.44K,-0.28%
24-Dec-16,7.25,7.11,7.35,7.11,56.77K,1.26%
23-Dec-16,7.16,7.55,7.68,7.11,139.04K,-5.91%
22-Dec-16,7.61,7.84,7.84,7.46,118.35K,-3.55%
21-Dec-16,7.89,7.68,7.96,7.64,52.44K,3.68%
20-Dec-16,7.61,7.63,7.75,7.55,55.33K,0.40%
19-Dec-16,7.58,7.93,7.93,7.58,26.01K,-4.41%
18-Dec-16,7.93,7.88,7.94,7.74,21.50K,2.59%
17-Dec-16,7.73,7.86,7.9,7.47,147.34K,-1.65%
16-Dec-16,7.86,7.86,7.96,7.77,56.48K,0.38%
15-Dec-16,7.83,8.16,8.23,7.71,145.04K,-4.63%
14-Dec-16,8.21,8.44,8.49,8.2,14.71K,-1.79%
13-Dec-16,8.36,8.49,8.49,8.3,21.60K,-1.07%
12-Dec-16,8.45,8.19,8.63,8.09,81.63K,3.17%
11-Dec-16,8.19,8.14,8.25,8,22.61K,0.86%
10-Dec-16,8.12,8.42,8.55,7.94,35.85K,-4.69%
9-Dec-16,8.52,8.1,8.65,8.02,54.71K,2.65%
8-Dec-16,8.3,8.35,8.84,8.24,170.04K,-0.36%
7-Dec-16,8.33,7.6,8.7,7.27,161.04K,8.04%
6-Dec-16,7.71,6.68,7.88,5.86,607.54K,15.07%
5-Dec-16,6.7,7.4,7.57,6.5,256.00K,-11.26%
4-Dec-16,7.55,7.85,7.91,7.42,34.39K,-4.55%
3-Dec-16,7.91,7.76,8.1,7.64,195.76K,2.73%
2-Dec-16,7.7,8.43,8.43,7.1,490.14K,-8.98%
1-Dec-16,8.46,8.61,8.61,8.36,95.25K,-1.86%
30-Nov-16,8.62,8.16,8.76,8.11,124.27K,5.64%
29-Nov-16,8.16,8.7,8.74,7.74,188.40K,-6.21%
28-Nov-16,8.7,8.97,9.02,8.65,41.96K,-2.03%
27-Nov-16,8.88,9.33,9.33,8.7,62.34K,-4.82%
26-Nov-16,9.33,9.38,9.53,9.22,14.11K,-0.53%
25-Nov-16,9.38,9.17,9.69,9.17,60.92K,1.96%
24-Nov-16,9.2,9.69,9.85,8.7,118.31K,-5.06%
23-Nov-16,9.69,9.89,9.92,9.68,27.92K,-1.52%
22-Nov-16,9.84,9.61,10.26,9.54,102.99K,2.39%
21-Nov-16,9.61,9.54,9.68,9.51,8.65K,0.42%
20-Nov-16,9.57,9.68,9.76,9.49,29.01K,-1.64%
19-Nov-16,9.73,9.54,9.86,9.48,62.93K,2.21%
18-Nov-16,9.52,9.96,10.03,9.46,57.23K,-4.70%
17-Nov-16,9.99,10.02,10.27,9.9,103.19K,-0.30%
16-Nov-16,10.02,10.19,10.5,9.93,116.69K,-2.43%
15-Nov-16,10.27,10,10.41,9.72,52.59K,2.70%
14-Nov-16,10,10.08,10.19,9.96,17.17K,-0.79%
13-Nov-16,10.08,10.01,10.37,9.68,31.68K,0.70%
12-Nov-16,10.01,10.27,10.32,9.7,64.35K,-2.53%
11-Nov-16,10.27,10.54,10.58,10.26,17.38K,-2.56%
10-Nov-16,10.54,10.66,10.69,10.52,7.61K,-1.68%
9-Nov-16,10.72,10.92,10.92,10.2,80.20K,-1.83%
8-Nov-16,10.92,10.88,11.21,10.79,63.48K,0.37%
7-Nov-16,10.88,10.91,11.1,10.85,83.63K,-0.27%
6-Nov-16,10.91,11.15,11.27,10.91,10.86K,-2.33%
5-Nov-16,11.17,11.23,11.24,10.99,18.15K,-0.36%
4-Nov-16,11.21,10.86,11.24,10.85,49.91K,3.22%
3-Nov-16,10.86,10.94,11.18,10.81,106.82K,0.00%
2-Nov-16,10.86,10.81,11.25,10.76,91.37K,0.46%
1-Nov-16,10.81,10.96,11.21,10.41,129.67K,-1.37%
31-Oct-16,10.96,11.28,11.5,10.88,134.67K,-2.84%
30-Oct-16,11.28,10.38,11.53,10.31,88.77K,8.67%
29-Oct-16,10.38,11.15,11.26,9.5,288.19K,-6.91%
28-Oct-16,11.15,11.57,11.7,10.85,191.96K,-3.63%
27-Oct-16,11.57,11.5,11.66,11.23,110.49K,0.61%
26-Oct-16,11.5,11.36,11.72,11.36,67.67K,1.23%
25-Oct-16,11.36,11.99,12,11.12,112.86K,-5.25%
24-Oct-16,11.99,12.07,12.23,11.98,48.14K,-0.66%
23-Oct-16,12.07,12.25,12.26,11.99,32.34K,-1.79%
22-Oct-16,12.29,12.16,12.37,12.08,20.75K,1.07%
21-Oct-16,12.16,12.1,12.2,12.09,17.73K,0.58%
20-Oct-16,12.09,11.99,12.32,11.99,86.20K,0.83%
19-Oct-16,11.99,12.54,12.62,11.95,130.47K,-4.39%
18-Oct-16,12.54,12,12.91,11.98,238.07K,4.50%
17-Oct-16,12,11.98,12.03,11.81,90.21K,0.17%
16-Oct-16,11.98,12.01,12.06,11.92,20.47K,-0.25%
15-Oct-16,12.01,11.96,12.05,11.83,40.42K,0.67%
14-Oct-16,11.93,12.07,12.1,11.9,23.54K,-1.16%
13-Oct-16,12.07,11.72,12.12,11.72,61.29K,2.99%
12-Oct-16,11.72,11.84,12.06,11.68,132.18K,-0.51%
11-Oct-16,11.78,11.76,12.33,11.76,123.36K,0.43%
10-Oct-16,11.73,12.03,12.09,11.6,298.65K,-2.33%
9-Oct-16,12.01,12.26,12.56,11.99,166.94K,-2.04%
8-Oct-16,12.26,12.73,12.76,12,131.49K,-3.39%
7-Oct-16,12.69,12.84,13,12.56,75.19K,-1.17%
6-Oct-16,12.84,13.11,13.15,12.62,63.15K,-2.06%
5-Oct-16,13.11,13.33,13.39,13.08,62.14K,-1.65%
4-Oct-16,13.33,13.44,13.5,13.22,67.87K,-0.82%
3-Oct-16,13.44,13.22,13.5,13.17,25.57K,2.13%
2-Oct-16,13.16,13.18,13.33,13,51.87K,-0.15%
1-Oct-16,13.18,13.25,13.31,13.05,46.90K,-0.90%
30-Sep-16,13.3,13.1,13.43,13.05,45.49K,1.53%
29-Sep-16,13.1,13.25,13.33,13.07,53.46K,-1.13%
28-Sep-16,13.25,13.08,13.49,13.04,60.21K,1.30%
27-Sep-16,13.08,12.9,13.27,12.85,72.70K,1.40%
26-Sep-16,12.9,13.14,13.14,12.81,59.60K,-1.15%
25-Sep-16,13.05,12.86,13.2,12.77,39.82K,1.48%
24-Sep-16,12.86,13.39,13.47,12.71,77.54K,-3.74%
23-Sep-16,13.36,13.3,13.5,13.1,25.35K,1.44%
22-Sep-16,13.17,13.65,13.7,12.47,270.59K,-4.15%
21-Sep-16,13.74,14.3,14.35,13.16,205.50K,-4.91%
20-Sep-16,14.45,13.15,15.4,13.08,311.67K,12.02%
19-Sep-16,12.9,12.49,13.1,12.48,99.47K,4.71%
18-Sep-16,12.32,12.73,13.1,12.26,351.07K,-3.75%
17-Sep-16,12.8,12.6,12.87,12.51,37.37K,0.95%
16-Sep-16,12.68,12,12.82,11.99,194.02K,5.58%
15-Sep-16,12.01,11.94,12.41,11.91,275.08K,0.59%
14-Sep-16,11.94,12.01,12.33,11.91,137.28K,-0.58%
13-Sep-16,12.01,12,12.55,11.86,529.70K,0.08%
12-Sep-16,12,11.8,12.05,11.67,61.67K,2.74%
11-Sep-16,11.68,12.13,12.3,11.6,137.76K,-3.71%
10-Sep-16,12.13,11.72,12.18,11.58,89.50K,3.85%
9-Sep-16,11.68,11.45,11.9,11.4,201.86K,2.01%
8-Sep-16,11.45,11.64,11.96,11.26,74.77K,-1.63%
7-Sep-16,11.64,11.73,11.82,11.6,24.16K,-0.77%
6-Sep-16,11.73,11.85,11.92,11.45,83.93K,-1.01%
5-Sep-16,11.85,11.73,11.92,11.65,35.55K,1.02%
4-Sep-16,11.73,11.88,11.96,11.6,51.04K,-2.33%
3-Sep-16,12.01,12.13,12.43,11.65,87.38K,-0.99%
2-Sep-16,12.13,12.22,12.38,11.91,60.24K,-0.74%
1-Sep-16,12.22,11.66,12.6,11.61,82.45K,5.07%
31-Aug-16,11.63,11.33,11.63,11.17,39.51K,3.01%
30-Aug-16,11.29,11.03,11.39,10.94,42.08K,3.29%
29-Aug-16,10.93,10.94,11.18,10.78,63.32K,-0.09%
28-Aug-16,10.94,11.11,11.16,10.92,35.30K,-2.32%
27-Aug-16,11.2,11.26,11.26,11.13,8.96K,-0.18%
26-Aug-16,11.22,11.39,11.42,11.13,30.15K,-1.49%
25-Aug-16,11.39,10.98,11.39,10.97,82.80K,3.73%
24-Aug-16,10.98,11.03,11.2,10.96,37.43K,-0.09%
23-Aug-16,10.99,11.14,11.28,10.9,64.41K,-1.35%
22-Aug-16,11.14,11.2,11.36,11,81.73K,0.09%
21-Aug-16,11.13,11.26,11.3,10.93,49.47K,-1.15%
20-Aug-16,11.26,10.69,11.3,10.68,190.53K,5.43%
19-Aug-16,10.68,10.69,10.76,10.61,139.95K,-0.09%
18-Aug-16,10.69,10.72,10.97,10.66,162.11K,-0.28%
17-Aug-16,10.72,11.07,11.07,10.65,456.39K,-3.16%
16-Aug-16,11.07,11.15,11.17,10.83,65.95K,-0.18%
15-Aug-16,11.09,11.16,11.28,10.88,140.55K,-0.63%
14-Aug-16,11.16,11.48,11.67,11,188.63K,-2.79%
13-Aug-16,11.48,11.69,11.76,11.4,138.26K,-1.63%
12-Aug-16,11.67,11.71,11.99,11.57,254.56K,0.26%
11-Aug-16,11.64,11.9,12.1,11.57,339.86K,-3.56%
10-Aug-16,12.07,11.99,12.33,11.86,383.91K,18.80%
9-Aug-16,10.16,10.16,10.16,10.16,-,0.00%
8-Aug-16,10.16,10.16,10.16,10.16,-,0.00%
7-Aug-16,10.16,10.16,10.16,10.16,-,0.00%
6-Aug-16,10.16,10.16,10.16,10.16,-,0.00%
5-Aug-16,10.16,10.16,10.16,10.16,-,0.00%
4-Aug-16,10.16,10.16,10.16,10.16,-,0.00%
3-Aug-16,10.16,10.16,10.16,10.16,-,0.00%
2-Aug-16,10.16,11.04,11.2,9.9,882.66K,-8.30%
1-Aug-16,11.08,12,12.04,11.08,318.87K,-6.58%
31-Jul-16,11.86,12.45,12.55,11.3,419.36K,-5.27%
30-Jul-16,12.52,12.85,12.85,12.47,171.50K,-2.95%
29-Jul-16,12.9,12.87,12.94,12.6,183.46K,0.23%
28-Jul-16,12.87,12.93,13,12.54,300.44K,-1.23%
27-Jul-16,13.03,12.01,13.28,11.78,377.97K,8.49%
26-Jul-16,12.01,13.55,13.86,11.91,1.36M,-12.97%
25-Jul-16,13.8,12.86,13.8,12.75,742.81K,9.09%
24-Jul-16,12.65,14.33,14.44,12.17,1.65M,-11.23%
23-Jul-16,14.25,14.55,14.85,13.9,638.42K,-2.86%
22-Jul-16,14.67,12.67,15.15,12.53,1.57M,16.89%
21-Jul-16,12.55,12.52,12.75,12.03,534.75K,0.56%
20-Jul-16,12.48,11.7,13.04,11.55,1.65M,6.21%
19-Jul-16,11.75,11.09,12.24,11.07,678.52K,6.43%
18-Jul-16,11.04,11.31,11.75,11.01,252.34K,-1.78%
17-Jul-16,11.24,11.72,11.74,11.02,575.47K,-4.10%
16-Jul-16,11.72,11.95,12.05,11.72,127.93K,-1.76%
15-Jul-16,11.93,11.5,12.55,11.37,600.62K,2.84%
14-Jul-16,11.6,10.7,11.79,10.69,419.07K,10.79%
13-Jul-16,10.47,10.55,10.6,10.43,62.85K,-0.76%
12-Jul-16,10.55,10.48,10.8,10.4,143.68K,0.38%
11-Jul-16,10.51,10.95,11.09,10.2,287.84K,-4.02%
10-Jul-16,10.95,10.83,11.02,10.74,75.85K,0.46%
9-Jul-16,10.9,11.37,11.43,10.4,431.16K,-3.63%
8-Jul-16,11.31,10.16,11.65,9.9,533.97K,11.54%
7-Jul-16,10.14,10.58,10.67,9.73,291.46K,-3.89%
6-Jul-16,10.55,10.37,11.12,10.22,327.60K,0.19%
5-Jul-16,10.53,11.42,11.49,9.35,1.12M,-7.79%
4-Jul-16,11.42,11.65,11.85,11.35,147.79K,-3.06%
3-Jul-16,11.78,12.06,12.11,11.56,196.78K,-2.97%
2-Jul-16,12.14,12.17,12.2,11.95,86.17K,-1.70%
1-Jul-16,12.35,12.5,12.58,11.74,302.72K,-1.20%
30-Jun-16,12.5,12.64,12.88,12.2,213.19K,-2.11%
29-Jun-16,12.77,12.08,13.05,11.57,427.25K,4.50%
28-Jun-16,12.22,13.95,14.07,11.51,896.16K,-12.46%
27-Jun-16,13.96,13.71,14.19,13.68,135.03K,1.53%
26-Jun-16,13.75,14.22,14.4,13.53,213.87K,-3.91%
25-Jun-16,14.31,14.39,14.84,13.91,262.84K,0.14%
24-Jun-16,14.29,13.76,14.46,13.1,551.44K,3.93%
23-Jun-16,13.75,13.26,14,12.5,521.61K,3.77%
22-Jun-16,13.25,13.75,15.9,12.95,1.83M,2.40%
21-Jun-16,12.94,11.67,12.98,11.2,644.71K,8.74%
20-Jun-16,11.9,12.33,12.49,10.51,1.11M,-4.26%
19-Jun-16,12.43,10.76,13.36,10.55,1.14M,8.94%
18-Jun-16,11.41,15.19,15.3,10.13,3.04M,-26.91%
17-Jun-16,15.61,20.86,21.69,11.51,4.72M,-24.59%
16-Jun-16,20.7,18.61,21.1,18.44,1.02M,12.20%
15-Jun-16,18.45,18.7,18.75,17.55,365.42K,-1.49%
14-Jun-16,18.73,17.65,19.41,16,1.17M,5.64%
13-Jun-16,17.73,15.75,17.91,15.7,896.99K,12.22%
12-Jun-16,15.8,14.3,16.09,14.25,550.47K,11.66%
11-Jun-16,14.15,13.95,14.28,13.81,109.42K,1.29%
10-Jun-16,13.97,14.44,14.46,13.56,220.15K,-3.32%
9-Jun-16,14.45,14.51,14.7,14.37,64.98K,-0.28%
8-Jun-16,14.49,14.6,14.89,14.3,257.01K,-0.07%
7-Jun-16,14.5,13.94,14.7,13.88,199.89K,3.35%
6-Jun-16,14.03,14,14.19,13.8,105.55K,0.57%
5-Jun-16,13.95,13.75,13.97,13.69,54.66K,1.01%
4-Jun-16,13.81,13.9,13.9,13.4,139.12K,-0.22%
3-Jun-16,13.84,13.82,13.99,13.42,200.81K,0.29%
2-Jun-16,13.8,13.94,14.03,13.61,155.53K,-0.36%
1-Jun-16,13.85,14.07,14.3,13.46,289.63K,-1.14%
31-May-16,14.01,12.78,14.28,12.6,517.98K,10.14%
30-May-16,12.72,12.44,12.81,12.3,122.98K,2.50%
29-May-16,12.41,11.8,12.89,11.78,455.11K,3.59%
28-May-16,11.98,10.99,12.5,10.38,587.07K,7.73%
27-May-16,11.12,12.4,12.43,10.53,645.84K,-10.90%
26-May-16,12.48,12.52,13.07,12.13,215.64K,-0.08%
25-May-16,12.49,12.84,12.99,11.8,247.58K,-1.89%
24-May-16,12.73,13.38,13.82,12,437.47K,-5.14%
23-May-16,13.42,14.21,14.49,13.32,170.09K,-5.56%
22-May-16,14.21,14.06,14.51,13.62,118.19K,1.50%
21-May-16,14,13.6,14,13.01,209.03K,1.52%
20-May-16,13.79,14.74,14.89,13.31,338.69K,-5.42%
19-May-16,14.58,13.4,14.65,13.2,393.14K,9.21%
18-May-16,13.35,12.28,14.4,12.21,420.07K,10.51%
17-May-16,12.08,11.15,12.6,11.1,540.97K,8.93%
16-May-16,11.09,10.01,11.47,10,257.21K,11.23%
15-May-16,9.97,10.25,10.42,9.93,42.73K,-1.87%
14-May-16,10.16,10.6,10.75,9.71,121.86K,-4.15%
13-May-16,10.6,10.09,11.11,10.08,194.28K,5.58%
12-May-16,10.04,9.92,10.47,9.79,142.19K,1.52%
11-May-16,9.89,9.38,9.98,9.3,110.31K,5.44%
10-May-16,9.38,9.31,9.47,9.28,18.32K,0.64%
9-May-16,9.32,9.51,9.65,9.25,77.29K,-1.89%
8-May-16,9.5,9.41,9.64,9,80.09K,1.60%
7-May-16,9.35,9.45,9.64,9.2,31.39K,0.00%
6-May-16,9.35,9.85,9.98,9.12,92.42K,-4.49%
5-May-16,9.79,9.4,10,9.3,62.44K,3.49%
4-May-16,9.46,9.38,10,9.25,74.70K,1.28%
3-May-16,9.34,10.01,10.01,9.18,128.32K,-6.60%
2-May-16,10,8.83,10.3,8.79,295.38K,14.29%
1-May-16,8.75,8.74,9,8.35,71.99K,-1.35%
30-Apr-16,8.87,7.45,9.36,7.45,267.97K,17.95%
29-Apr-16,7.52,7.23,7.72,7.19,51.16K,2.59%
28-Apr-16,7.33,7.73,7.87,7.25,69.40K,-6.03%
27-Apr-16,7.8,7.4,7.99,7.31,90.46K,4.00%
26-Apr-16,7.5,7.56,7.6,7.12,129.27K,-0.53%
25-Apr-16,7.54,8.05,8.15,7.32,207.06K,-6.91%
24-Apr-16,8.1,8.35,8.5,8.01,52.06K,-4.26%
23-Apr-16,8.46,7.95,8.8,7.81,89.57K,6.15%
22-Apr-16,7.97,8.23,8.41,7.73,97.37K,-1.73%
21-Apr-16,8.11,8.61,8.8,8,45.52K,-5.81%
20-Apr-16,8.61,8.73,9.05,8.35,167.71K,-1.15%
19-Apr-16,8.71,8.97,9.38,8.65,35.26K,-2.90%
18-Apr-16,8.97,9.3,9.55,8.44,37.88K,-5.18%
17-Apr-16,9.46,8.7,10.9,8.61,96.05K,10.77%
16-Apr-16,8.54,8.23,8.68,8.18,29.26K,2.64%
15-Apr-16,8.32,8.39,8.69,8.1,30.48K,-1.65%
14-Apr-16,8.46,8.08,8.86,8,36.15K,4.57%
13-Apr-16,8.09,7.48,8.8,6.86,142.21K,7.44%
12-Apr-16,7.53,8.53,8.54,7.21,63.82K,-13.25%
11-Apr-16,8.68,8.56,8.93,8.01,60.28K,-0.91%
10-Apr-16,8.76,9.15,9.43,7.52,171.99K,-4.26%
9-Apr-16,9.15,9.69,10.2,9,64.96K,-5.77%
8-Apr-16,9.71,10.05,10.34,9.6,25.97K,-4.05%
7-Apr-16,10.12,10.76,10.85,9.4,50.74K,-5.95%
6-Apr-16,10.76,10.4,10.96,10.2,40.04K,3.46%
5-Apr-16,10.4,11.15,11.15,9.7,53.39K,-6.73%
4-Apr-16,11.15,11.6,11.67,10.88,38.74K,-5.11%
3-Apr-16,11.75,11.61,11.76,11.4,18.85K,1.21%
2-Apr-16,11.61,11.65,11.77,11.43,12.17K,-0.09%
1-Apr-16,11.62,11.41,11.94,11.39,22.20K,1.84%
31-Mar-16,11.41,11.92,12.02,11.29,32.67K,-3.71%
30-Mar-16,11.85,11.79,12.3,11.44,36.96K,0.51%
29-Mar-16,11.79,11.78,11.88,11.37,47.57K,1.46%
28-Mar-16,11.62,10.4,11.94,10.4,77.31K,11.73%
27-Mar-16,10.4,10.93,10.98,10.17,55.81K,-5.45%
26-Mar-16,11,10.67,11.2,10.58,16.12K,3.09%
25-Mar-16,10.67,11.32,11.35,10.52,87.42K,-4.73%
24-Mar-16,11.2,12.43,12.47,10.67,50.80K,-9.90%
23-Mar-16,12.43,11.37,12.43,11.2,27.02K,9.32%
22-Mar-16,11.37,11.53,11.97,11.08,26.29K,-4.85%
21-Mar-16,11.95,10.18,12.05,10.14,38.86K,17.39%
20-Mar-16,10.18,10.55,10.88,9.56,33.18K,-1.26%
19-Mar-16,10.31,10.97,11.1,9.78,67.55K,-4.00%
18-Mar-16,10.74,11.09,11.2,8.34,157.37K,0.00%
17-Mar-16,10.74,12.58,12.61,10.44,89.45K,-16.61%
16-Mar-16,12.88,13.06,13.89,12.62,19.24K,-1.38%
15-Mar-16,13.06,12.63,13.42,11.98,39.73K,4.48%
14-Mar-16,12.5,15.07,15.07,11.4,92.18K,-17.05%
13-Mar-16,15.07,12.92,15.07,12.92,1.30K,16.64%
12-Mar-16,12.92,11.95,13.45,11.95,0.83K,8.12%
11-Mar-16,11.95,11.75,11.95,11.75,0.18K,1.70%
10-Mar-16,11.75,11.2,11.85,11.07,0.00K,4.91%
